seed,proposal_index,query_id,product_id,action,requested_rank,seed,utility_baseline,utility_model,irrelevant_baseline,irrelevant_model,false_warmup_baseline,false_warmup_model,worst_utility_baseline,worst_utility_model,p10_utility_baseline,p10_utility_model
263,1,10,90,PLACE_AT_1,1,263,2.2317777777777774,2.8911988140289546,0.4666666666666667,0.32209788462347716,0.20833333333333334,0.20975083226345956,0.48333333333333334,0.43138612919975994,0.95,0.9280734866241551
263,1,10,90,PLACE_AT_2,2,263,2.0253333333333328,2.5016458712310286,0.43333333333333335,0.3526121717848908,0.25833333333333336,0.253535812242131,0.48333333333333334,0.3999941240420633,0.9666666666666667,0.9771760981590076
263,1,10,90,PLACE_AT_3,3,263,1.8816666666666664,2.3542933840302545,0.43333333333333335,0.31449620392494704,0.23333333333333334,0.2498879998798923,0.475,0.41369385288006794,0.9416666666666667,0.934750135520248
263,1,10,90,PLACE_AT_5,5,263,1.5029999999999997,1.6461347108350108,0.35,0.21233912962629906,0.23333333333333334,0.25179610873097985,0.55,0.47476957326329755,0.925,0.9290340279239853
263,1,10,90,PLACE_AT_10,10,263,0.519111111111111,0.43660023582319685,0.225,0.23331192641408438,0.041666666666666664,0.13775471426108718,0.475,0.41988445260864443,0.43333333333333335,0.35695315532665756
263,2,12,212,PLACE_AT_1,1,263,2.2317777777777774,2.6583465386598033,0.4666666666666667,0.4760940917257969,0.20833333333333334,0.16575596133133041,0.48333333333333334,0.43515281082883867,0.95,0.8871697217408958
263,2,12,212,PLACE_AT_2,2,263,2.0253333333333328,2.284900299158828,0.43333333333333335,0.45680608675943135,0.25833333333333336,0.20769216654275932,0.48333333333333334,0.4369599257296276,0.9666666666666667,0.928608576220545
263,2,12,212,PLACE_AT_3,3,263,1.8816666666666664,1.9205407299749893,0.43333333333333335,0.4721715258759986,0.23333333333333334,0.2052648281717222,0.475,0.41235935095946696,0.9416666666666667,0.9362024358612839
263,2,12,212,PLACE_AT_5,5,263,1.5029999999999997,1.5992669216189208,0.35,0.3643751500316861,0.23333333333333334,0.21146992750207746,0.55,0.4668708742886692,0.925,0.9581258534331447
263,2,12,212,PLACE_AT_10,10,263,0.519111111111111,0.4190761175996258,0.225,0.2963728651711628,0.041666666666666664,0.10018848467972949,0.475,0.45452421978480323,0.43333333333333335,0.407980452126679
263,3,18,82,PLACE_AT_1,1,263,2.2317777777777774,2.4999772149177617,0.4666666666666667,0.2965305273414394,0.20833333333333334,0.25478506751145136,0.48333333333333334,0.4736155404960243,0.95,0.9472178307144996
263,3,18,82,PLACE_AT_2,2,263,2.0253333333333328,2.309482316010274,0.43333333333333335,0.32119884407196975,0.25833333333333336,0.27992717503940956,0.48333333333333334,0.4479701342002752,0.9666666666666667,0.9736937082298293
263,3,18,82,PLACE_AT_3,3,263,1.8816666666666664,2.3415792195013143,0.43333333333333335,0.26741066277128156,0.23333333333333334,0.2673240766121818,0.475,0.47647386661641433,0.9416666666666667,0.9362503849924616
263,3,18,82,PLACE_AT_5,5,263,1.5029999999999997,1.6554019156324087,0.35,0.25584909468868106,0.23333333333333334,0.28675789120825335,0.55,0.5261451378689516,0.925,0.8294724758542199
263,3,18,82,PLACE_AT_10,10,263,0.519111111111111,0.6937119307497133,0.225,0.16732423713901037,0.041666666666666664,0.17767096735434532,0.475,0.4231232434496314,0.43333333333333335,0.4188902560696762
263,4,24,64,PLACE_AT_1,1,263,2.2317777777777774,1.6322095627445343,0.4666666666666667,0.39473588477243426,0.20833333333333334,0.20054119196483083,0.48333333333333334,0.5684293831789047,0.95,0.9728982848366238
263,4,24,64,PLACE_AT_2,2,263,2.0253333333333328,1.5985174924157937,0.43333333333333335,0.4441493630111307,0.25833333333333336,0.22466528956753323,0.48333333333333334,0.5547563069419746,0.9666666666666667,0.9944748448447371
263,4,24,64,PLACE_AT_3,3,263,1.8816666666666664,1.6747769921037494,0.43333333333333335,0.44710247378825974,0.23333333333333334,0.1984079468045225,0.475,0.5651852403072467,0.9416666666666667,0.9507934093763989
263,4,24,64,PLACE_AT_5,5,263,1.5029999999999997,1.281517337086598,0.35,0.3453671462687375,0.23333333333333334,0.1728262836583079,0.55,0.598010588698918,0.925,0.9468602864312707
263,4,24,64,PLACE_AT_10,10,263,0.519111111111111,0.48393189377336565,0.225,0.26188375791012497,0.041666666666666664,0.13905765190597527,0.475,0.544781106529421,0.43333333333333335,0.5164790398637966
263,5,36,260,PLACE_AT_1,1,263,2.2317777777777774,1.704506516818551,0.4666666666666667,0.5270717591263915,0.20833333333333334,0.1579655793267401,0.48333333333333334,0.5420402049310286,0.95,0.9490433161822501
263,5,36,260,PLACE_AT_2,2,263,2.0253333333333328,1.590465640639505,0.43333333333333335,0.5296410184174108,0.25833333333333336,0.1878505009117281,0.48333333333333334,0.5535775682494305,0.9666666666666667,0.9812077879158732
263,5,36,260,PLACE_AT_3,3,263,1.8816666666666664,1.4085012609776875,0.43333333333333335,0.5795352198269416,0.23333333333333334,0.16976423493059292,0.475,0.5279491325431607,0.9416666666666667,0.949297275975942
263,5,36,260,PLACE_AT_5,5,263,1.5029999999999997,1.2972142981692845,0.35,0.4659158215705295,0.23333333333333334,0.15179371479740364,0.55,0.5624960968669287,0.925,0.9707811675656401
263,5,36,260,PLACE_AT_10,10,263,0.519111111111111,0.41263267169417217,0.225,0.33186424438031015,0.041666666666666664,0.10013142584274679,0.475,0.5546054164389828,0.43333333333333335,0.5250369425372894
263,6,41,153,PLACE_AT_1,1,263,2.2317777777777774,3.1829705588492123,0.4666666666666667,0.221510332072876,0.20833333333333334,0.2570020713223444,0.48333333333333334,0.4138459932533996,0.95,0.9408709731811464
263,6,41,153,PLACE_AT_2,2,263,2.0253333333333328,2.7663111683148958,0.43333333333333335,0.26895687015534114,0.25833333333333336,0.3002831115419239,0.48333333333333334,0.36046141738179494,0.9666666666666667,0.9854194395165388
263,6,41,153,PLACE_AT_3,3,263,1.8816666666666664,2.7633406857886875,0.43333333333333335,0.20080998368560712,0.23333333333333334,0.2987853581389326,0.475,0.40213365262971235,0.9416666666666667,0.9305494560719457
263,6,41,153,PLACE_AT_5,5,263,1.5029999999999997,1.7493756786955514,0.35,0.13401866224742318,0.23333333333333334,0.30932099420820924,0.55,0.4693148499513298,0.925,0.8689255104210455
263,6,41,153,PLACE_AT_10,10,263,0.519111111111111,0.5060853434695538,0.225,0.17673748932127262,0.041666666666666664,0.17898978798589157,0.475,0.37561689711984725,0.43333333333333335,0.31283996983654017
263,7,42,90,PLACE_AT_1,1,263,2.2317777777777774,1.975510880485971,0.4666666666666667,0.35733532989894223,0.20833333333333334,0.24484032387160704,0.48333333333333334,0.5237770251410409,0.95,0.9564394036180237
263,7,42,90,PLACE_AT_2,2,263,2.0253333333333328,1.937391286353122,0.43333333333333335,0.37086347644389556,0.25833333333333336,0.26033080806242087,0.48333333333333334,0.5160544297802627,0.9666666666666667,0.9730813191873766
263,7,42,90,PLACE_AT_3,3,263,1.8816666666666664,2.002495571641137,0.43333333333333335,0.3364466531917987,0.23333333333333334,0.239484940808469,0.475,0.533966100588666,0.9416666666666667,0.9418757078479573
263,7,42,90,PLACE_AT_5,5,263,1.5029999999999997,1.5389329578149962,0.35,0.36110017304647757,0.23333333333333334,0.2535395546839534,0.55,0.5702700418726863,0.925,0.8352775912535467
263,7,42,90,PLACE_AT_10,10,263,0.519111111111111,0.7612489988727376,0.225,0.17506006924141487,0.041666666666666664,0.1709932674685166,0.475,0.4705454696207145,0.43333333333333335,0.4976170407857083
263,8,45,125,PLACE_AT_1,1,263,2.2317777777777774,2.17831978394276,0.4666666666666667,0.5588314515601748,0.20833333333333334,0.16280950724512214,0.48333333333333334,0.4747069596958187,0.95,0.8872387783457599
263,8,45,125,PLACE_AT_2,2,263,2.0253333333333328,1.964629984888231,0.43333333333333335,0.5070614979151987,0.25833333333333336,0.19429702899000664,0.48333333333333334,0.5018344848319392,0.9666666666666667,0.8716210790723268
263,8,45,125,PLACE_AT_3,3,263,1.8816666666666664,1.6015677189700093,0.43333333333333335,0.5470898196201419,0.23333333333333334,0.18647884008889845,0.475,0.46225516877034967,0.9416666666666667,0.9394245318445483
263,8,45,125,PLACE_AT_5,5,263,1.5029999999999997,1.5454060500634497,0.35,0.5213292627013023,0.23333333333333334,0.20045150114103383,0.55,0.503973883401748,0.925,0.9473204990316382
263,8,45,125,PLACE_AT_10,10,263,0.519111111111111,0.5667541982028341,0.225,0.28684961767048245,0.041666666666666664,0.0977082312846591,0.475,0.4879009041651779,0.43333333333333335,0.49175239319624703
269,1,3,115,PLACE_AT_1,1,269,2.320777777777778,2.047406731861151,0.5,0.5029001931366216,0.19166666666666668,0.11471509205733856,0.4583333333333333,0.506562485891823,0.9583333333333334,0.9568558593638365
269,1,3,115,PLACE_AT_2,2,269,2.0626666666666664,1.781924667085184,0.43333333333333335,0.4740401879567052,0.23333333333333334,0.12904067098354602,0.4666666666666667,0.5125242556115657,0.9583333333333334,0.96292151168581
269,1,3,115,PLACE_AT_3,3,269,1.8631111111111112,1.5310985030937503,0.44166666666666665,0.5092663467803045,0.21666666666666667,0.14257186728085525,0.45,0.4920178848885818,0.9333333333333333,0.9363867931521025
269,1,3,115,PLACE_AT_5,5,269,1.4786666666666668,1.3046115456536422,0.375,0.4230356261666659,0.225,0.13379196127626147,0.5583333333333333,0.5630190114928535,0.925,0.9803631886508448
269,1,3,115,PLACE_AT_10,10,269,0.49299999999999994,0.3573225129720603,0.275,0.3477831427097693,0.041666666666666664,0.05124123366846221,0.475,0.5475085371421962,0.44166666666666665,0.5045112567643758
269,2,5,117,PLACE_AT_1,1,269,2.320777777777778,2.5380301863747823,0.5,0.38778019063010755,0.19166666666666668,0.17284970580368234,0.4583333333333333,0.4557921580232708,0.9583333333333334,0.9313077773733195
269,2,5,117,PLACE_AT_2,2,269,2.0626666666666664,2.1608387583368405,0.43333333333333335,0.41228873442495784,0.23333333333333334,0.2590821475707865,0.4666666666666667,0.43619403128022677,0.9583333333333334,0.952685793807562
269,2,5,117,PLACE_AT_3,3,269,1.8631111111111112,1.7894552181755594,0.44166666666666665,0.3619838686314161,0.21666666666666667,0.2433249723059025,0.45,0.4088292348826277,0.9333333333333333,0.9470197744234573
269,2,5,117,PLACE_AT_5,5,269,1.4786666666666668,1.4246796087497855,0.375,0.27891864493380564,0.225,0.24618237878658586,0.5583333333333333,0.5325360347153056,0.925,0.9740576025497181
269,2,5,117,PLACE_AT_10,10,269,0.49299999999999994,0.41632365824182105,0.275,0.2963232855246309,0.041666666666666664,0.06608244611423016,0.475,0.45528796245119446,0.44166666666666665,0.4877942524169946
269,3,12,132,PLACE_AT_1,1,269,2.320777777777778,2.320993232066162,0.5,0.4704728950818994,0.19166666666666668,0.21293816322508835,0.4583333333333333,0.47325700308356644,0.9583333333333334,0.9403516176812116
269,3,12,132,PLACE_AT_2,2,269,2.0626666666666664,2.144530906051141,0.43333333333333335,0.43077535938852557,0.23333333333333334,0.23827248945994686,0.4666666666666667,0.4699450407570489,0.9583333333333334,0.9639111876042024
269,3,12,132,PLACE_AT_3,3,269,1.8631111111111112,2.075494895886327,0.44166666666666665,0.4575511313388202,0.21666666666666667,0.21532034102963016,0.45,0.4758141385444443,0.9333333333333333,0.9271475489930272
269,3,12,132,PLACE_AT_5,5,269,1.4786666666666668,1.6001716737504696,0.375,0.4309413570911942,0.225,0.2307879450158079,0.5583333333333333,0.5024704754848822,0.925,0.8714287464172353
269,3,12,132,PLACE_AT_10,10,269,0.49299999999999994,0.6098421643394956,0.275,0.275227913837053,0.041666666666666664,0.1012019868522175,0.475,0.4512968848756107,0.44166666666666665,0.43389117994950427
269,4,15,303,PLACE_AT_1,1,269,2.320777777777778,2.793161342992353,0.5,0.36885206570651796,0.19166666666666668,0.28652148839313757,0.4583333333333333,0.4215668290135202,0.9583333333333334,0.9028126682940439
269,4,15,303,PLACE_AT_2,2,269,2.0626666666666664,2.4997335075904084,0.43333333333333335,0.38035500120271903,0.23333333333333334,0.4041749547566249,0.4666666666666667,0.394647704408954,0.9583333333333334,0.9493331639424304
269,4,15,303,PLACE_AT_3,3,269,1.8631111111111112,2.2805422796540795,0.44166666666666665,0.327162447975867,0.21666666666666667,0.33391571025731226,0.45,0.3898333080684523,0.9333333333333333,0.9378494372508464
269,4,15,303,PLACE_AT_5,5,269,1.4786666666666668,1.6937576939902805,0.375,0.2935558786253932,0.225,0.3729818880960909,0.5583333333333333,0.47280470877402503,0.925,0.8499730711046913
269,4,15,303,PLACE_AT_10,10,269,0.49299999999999994,0.6581937979937482,0.275,0.2257372032715541,0.041666666666666664,0.11828199831020031,0.475,0.36208236273033007,0.44166666666666665,0.41923843521368864
269,5,19,139,PLACE_AT_1,1,269,2.320777777777778,2.198292636212577,0.5,0.5743339634684943,0.19166666666666668,0.17808563527631902,0.4583333333333333,0.4605152861856192,0.9583333333333334,0.9219799578014632
269,5,19,139,PLACE_AT_2,2,269,2.0626666666666664,2.092425462975603,0.43333333333333335,0.49239273594147487,0.23333333333333334,0.17711262607492748,0.4666666666666667,0.46899330367030817,0.9583333333333334,0.9395149467967775
269,5,19,139,PLACE_AT_3,3,269,1.8631111111111112,2.0011776690987935,0.44166666666666665,0.5672346077562247,0.21666666666666667,0.17112542317138302,0.45,0.47369240108012894,0.9333333333333333,0.9011143105497216
269,5,19,139,PLACE_AT_5,5,269,1.4786666666666668,1.5839229805824746,0.375,0.5629045016613727,0.225,0.18865829105100432,0.5583333333333333,0.47930556571682204,0.925,0.7916843987959569
269,5,19,139,PLACE_AT_10,10,269,0.49299999999999994,0.6919723424906652,0.275,0.21443319127063068,0.041666666666666664,0.08273193882699877,0.475,0.41921052980564694,0.44166666666666665,0.4034198804278379
269,6,29,213,PLACE_AT_1,1,269,2.320777777777778,2.4213424433571826,0.5,0.44077593408752547,0.19166666666666668,0.22071688123805627,0.4583333333333333,0.4641985284277765,0.9583333333333334,0.9356423821075911
269,6,29,213,PLACE_AT_2,2,269,2.0626666666666664,2.2031215569354274,0.43333333333333335,0.41795147264237004,0.23333333333333334,0.266329135863473,0.4666666666666667,0.4549101560849218,0.9583333333333334,0.9619674510213794
269,6,29,213,PLACE_AT_3,3,269,1.8631111111111112,2.081834059689156,0.44166666666666665,0.4213641843343498,0.21666666666666667,0.2367887518123918,0.45,0.4557605168671092,0.9333333333333333,0.9322181446744279
269,6,29,213,PLACE_AT_5,5,269,1.4786666666666668,1.5976179058561106,0.375,0.38581442881115613,0.225,0.25396554519303827,0.5583333333333333,0.50217444666532,0.925,0.8898160656433041
269,6,29,213,PLACE_AT_10,10,269,0.49299999999999994,0.5934566708750131,0.275,0.27268243801976694,0.041666666666666664,0.10042591489717308,0.475,0.4393821986616996,0.44166666666666665,0.4386234097633682
269,7,34,10,PLACE_AT_1,1,269,2.320777777777778,2.376333815234305,0.5,0.4833886628123284,0.19166666666666668,0.2631744840668473,0.4583333333333333,0.4618090875804288,0.9583333333333334,0.931887343929718
269,7,34,10,PLACE_AT_2,2,269,2.0626666666666664,2.26905303008085,0.43333333333333335,0.4253271066842517,0.23333333333333334,0.2788484267560331,0.4666666666666667,0.4588554059157906,0.9583333333333334,0.9632007363540185
269,7,34,10,PLACE_AT_3,3,269,1.8631111111111112,2.3053691467243524,0.44166666666666665,0.466043190422796,0.21666666666666667,0.23742796820590756,0.45,0.4788585603982463,0.9333333333333333,0.9169114317184066
269,7,34,10,PLACE_AT_5,5,269,1.4786666666666668,1.7308079446553122,0.375,0.47337860502645235,0.225,0.2682132205317166,0.5583333333333333,0.47302636277351634,0.925,0.7050189188883806
269,7,34,10,PLACE_AT_10,10,269,0.49299999999999994,0.7396602069153735,0.275,0.24059990867799597,0.041666666666666664,0.13256084039020882,0.475,0.41185190887217077,0.44166666666666665,0.3974415006675933
269,8,36,172,PLACE_AT_1,1,269,2.320777777777778,2.8085126528367756,0.5,0.39600202908589516,0.19166666666666668,0.21946735181974758,0.4583333333333333,0.40553060534138363,0.9583333333333334,0.8770169630137712
269,8,36,172,PLACE_AT_2,2,269,2.0626666666666664,2.4455914442365883,0.43333333333333335,0.4153081916452592,0.23333333333333334,0.34417914311789854,0.4666666666666667,0.37875018763199275,0.9583333333333334,0.9156857836972375
269,8,36,172,PLACE_AT_3,3,269,1.8631111111111112,2.0271427033504397,0.44166666666666665,0.3504912307972459,0.21666666666666667,0.3016763819450164,0.45,0.35377117939001473,0.9333333333333333,0.935788988015683
269,8,36,172,PLACE_AT_5,5,269,1.4786666666666668,1.561889657282213,0.375,0.292648980371336,0.225,0.3316609260972941,0.5583333333333333,0.4777560246524185,0.925,0.9193721249725314
269,8,36,172,PLACE_AT_10,10,269,0.49299999999999994,0.5890356003299759,0.275,0.20043062959536564,0.041666666666666664,0.07718981386534805,0.475,0.34939011781828533,0.44166666666666665,0.4324920297452866
271,1,8,56,PLACE_AT_1,1,271,2.088444444444444,2.218452338489729,0.475,0.3811225054798204,0.225,0.19405076767209986,0.475,0.4849102427531266,0.9583333333333334,0.9498917293798981
271,1,8,56,PLACE_AT_2,2,271,1.8201111111111108,2.1579481945019796,0.425,0.4269471397260713,0.25833333333333336,0.23823245400510396,0.5083333333333333,0.4785275015647336,0.9666666666666667,0.9794685228234385
271,1,8,56,PLACE_AT_3,3,271,1.7028888888888887,1.98746025094766,0.4666666666666667,0.45342485740224275,0.225,0.23674490143335364,0.49166666666666664,0.445489291034237,0.9416666666666667,0.9756995100797607
271,1,8,56,PLACE_AT_5,5,271,1.3186666666666664,1.607807334362413,0.36666666666666664,0.28545811649323594,0.21666666666666667,0.2180798781416171,0.575,0.5344755027208852,0.9333333333333333,0.9698631310689112
271,1,8,56,PLACE_AT_10,10,271,0.4418888888888889,0.5350958926450446,0.275,0.35620915126233754,0.016666666666666666,0.1275178577759328,0.475,0.5135535068651275,0.425,0.45063781401332303
271,2,15,207,PLACE_AT_1,1,271,2.088444444444444,2.277160191085489,0.475,0.36626636030722864,0.225,0.18047792025878798,0.475,0.42230487833016844,0.9583333333333334,0.9281235889847709
271,2,15,207,PLACE_AT_2,2,271,1.8201111111111108,2.1756250317668373,0.425,0.4028683929189822,0.25833333333333336,0.21893791546511826,0.5083333333333333,0.4294462356010165,0.9666666666666667,0.9646351754617525
271,2,15,207,PLACE_AT_3,3,271,1.7028888888888887,1.9105484842814817,0.4666666666666667,0.38730819505045844,0.225,0.22076832611346245,0.49166666666666664,0.4076477771364517,0.9416666666666667,0.9686189686196259
271,2,15,207,PLACE_AT_5,5,271,1.3186666666666664,1.5549607327723711,0.36666666666666664,0.2841286459251498,0.21666666666666667,0.22152169162959454,0.575,0.503651262458877,0.9333333333333333,0.9581913895621439
271,2,15,207,PLACE_AT_10,10,271,0.4418888888888889,0.5822416278984839,0.275,0.2953593830728013,0.016666666666666666,0.1181295621298456,0.475,0.4162172703827629,0.425,0.44580450050960885
271,3,17,225,PLACE_AT_1,1,271,2.088444444444444,2.3538341283881534,0.475,0.3466275055702478,0.225,0.1828893459240592,0.475,0.3933550354751308,0.9583333333333334,0.9207937008828146
271,3,17,225,PLACE_AT_2,2,271,1.8201111111111108,2.254318680202958,0.425,0.3745125798838807,0.25833333333333336,0.2215534859611649,0.5083333333333333,0.4044084851068326,0.9666666666666667,0.9616575075174828
271,3,17,225,PLACE_AT_3,3,271,1.7028888888888887,1.9718359850392644,0.4666666666666667,0.34267775341629475,0.225,0.22227000331673993,0.49166666666666664,0.3886164260286421,0.9416666666666667,0.9683589719031481
271,3,17,225,PLACE_AT_5,5,271,1.3186666666666664,1.5754807929320918,0.36666666666666664,0.27134868436645226,0.21666666666666667,0.23335348214730142,0.575,0.48955037251075006,0.9333333333333333,0.9463879708754734
271,3,17,225,PLACE_AT_10,10,271,0.4418888888888889,0.6294716273228802,0.275,0.264185426157858,0.016666666666666666,0.11885763307896768,0.475,0.36792864071589054,0.425,0.44204376594508515
271,4,22,54,PLACE_AT_1,1,271,2.088444444444444,2.095872056201153,0.475,0.369299146519893,0.225,0.21217915225406087,0.475,0.47319383316912245,0.9583333333333334,0.9463923634025808
271,4,22,54,PLACE_AT_2,2,271,1.8201111111111108,2.0638415723399,0.425,0.3616347600057679,0.25833333333333336,0.2521698098023871,0.5083333333333333,0.4768571361101796,0.9666666666666667,0.975904723631456
271,4,22,54,PLACE_AT_3,3,271,1.7028888888888887,1.9958502712113724,0.4666666666666667,0.3757216206025787,0.225,0.2286500966943956,0.49166666666666664,0.47151197866674827,0.9416666666666667,0.9589922842678843
271,4,22,54,PLACE_AT_5,5,271,1.3186666666666664,1.4951120752072553,0.36666666666666664,0.33676612863449235,0.21666666666666667,0.23371626874506599,0.575,0.5334541069248353,0.9333333333333333,0.9195966718807502
271,4,22,54,PLACE_AT_10,10,271,0.4418888888888889,0.6444535086671284,0.275,0.29721743459172384,0.016666666666666666,0.12719572361151069,0.475,0.4367606836683048,0.425,0.44356065608181283
271,5,24,232,PLACE_AT_1,1,271,2.088444444444444,1.9076031192578269,0.475,0.42748723094329527,0.225,0.15487481492293256,0.475,0.42647330039236236,0.9583333333333334,0.8992515412220513
271,5,24,232,PLACE_AT_2,2,271,1.8201111111111108,1.7296423697696897,0.425,0.4414633155587841,0.25833333333333336,0.17845383284290978,0.5083333333333333,0.4505930139484619,0.9666666666666667,0.9139188665587898
271,5,24,232,PLACE_AT_3,3,271,1.7028888888888887,1.4333624217371042,0.4666666666666667,0.41461087237440525,0.225,0.17583566220726785,0.49166666666666664,0.4458962529424518,0.9416666666666667,0.9189388620997525
271,5,24,232,PLACE_AT_5,5,271,1.3186666666666664,1.2360304505923367,0.36666666666666664,0.40010293541324593,0.21666666666666667,0.18522054117111866,0.575,0.5070281509772095,0.9333333333333333,0.944444783718995
271,5,24,232,PLACE_AT_10,10,271,0.4418888888888889,0.5378704371654996,0.275,0.28527654912948297,0.016666666666666666,0.09613427839850593,0.475,0.3943963983008209,0.425,0.4483904631007325
271,6,25,169,PLACE_AT_1,1,271,2.088444444444444,2.035663065062813,0.475,0.4031115871533388,0.225,0.19803454820258526,0.475,0.5131907294579604,0.9583333333333334,0.9522712105652826
271,6,25,169,PLACE_AT_2,2,271,1.8201111111111108,1.9814889039847543,0.425,0.4280827184151291,0.25833333333333336,0.2384279540764285,0.5083333333333333,0.5087379389942599,0.9666666666666667,0.9780204038206625
271,6,25,169,PLACE_AT_3,3,271,1.7028888888888887,1.8822541586358523,0.4666666666666667,0.46824732016878357,0.225,0.22650912436108814,0.49166666666666664,0.48496780471156,0.9416666666666667,0.9655644238640007
271,6,25,169,PLACE_AT_5,5,271,1.3186666666666664,1.4983754260810302,0.36666666666666664,0.33733398906272816,0.21666666666666667,0.20996374342465773,0.575,0.550153638356665,0.9333333333333333,0.9607612886932058
271,6,25,169,PLACE_AT_10,10,271,0.4418888888888889,0.5352977220331709,0.275,0.3632186434669609,0.016666666666666666,0.12435478193525436,0.475,0.5286625564036876,0.425,0.4514096291698945
271,7,28,36,PLACE_AT_1,1,271,2.088444444444444,1.9777427024169891,0.475,0.413393993030207,0.225,0.16027465474611738,0.475,0.4224160842660127,0.9583333333333334,0.9041511518432692
271,7,28,36,PLACE_AT_2,2,271,1.8201111111111108,1.815431045541005,0.425,0.42842348093170257,0.25833333333333336,0.18622321903117894,0.5083333333333333,0.4441829112656301,0.9666666666666667,0.9256662802293691
271,7,28,36,PLACE_AT_3,3,271,1.7028888888888887,1.5279556541826784,0.4666666666666667,0.40160353773350893,0.225,0.18339683352106959,0.49166666666666664,0.4380753066301297,0.9416666666666667,0.9301009778040983
271,7,28,36,PLACE_AT_5,5,271,1.3186666666666664,1.2919415533501293,0.36666666666666664,0.3784055943254236,0.21666666666666667,0.19320229047887083,0.575,0.5050257936458534,0.9333333333333333,0.9435814335521331
271,7,28,36,PLACE_AT_10,10,271,0.4418888888888889,0.5555236257430283,0.275,0.28166909731524065,0.016666666666666666,0.0999606611997799,0.475,0.39048958920213245,0.425,0.4472336674999041
271,8,47,255,PLACE_AT_1,1,271,2.088444444444444,1.68509760799915,0.475,0.4214338772055234,0.225,0.2176023017107606,0.475,0.5334084709696827,0.9583333333333334,0.9502281903994442
271,8,47,255,PLACE_AT_2,2,271,1.8201111111111108,1.6584442464225495,0.425,0.3698755774332021,0.25833333333333336,0.24780310859062024,0.5083333333333333,0.5421587482911501,0.9666666666666667,0.970109722285927
271,8,47,255,PLACE_AT_3,3,271,1.7028888888888887,1.7328862914291687,0.4666666666666667,0.41131705663812745,0.225,0.20431747235765638,0.49166666666666664,0.5568570140357193,0.9416666666666667,0.9116771023957309
271,8,47,255,PLACE_AT_5,5,271,1.3186666666666664,1.2423775264326038,0.36666666666666664,0.4665611176855017,0.21666666666666667,0.21210445619408858,0.575,0.5666100784427949,0.9333333333333333,0.8678334309356388
271,8,47,255,PLACE_AT_10,10,271,0.4418888888888889,0.6362291192040945,0.275,0.3123377730486203,0.016666666666666666,0.1185383177825765,0.475,0.469636832632843,0.425,0.44571128262655846
277,1,8,232,PLACE_AT_1,1,277,2.088444444444444,2.033527499792092,0.475,0.38659706358559814,0.225,0.18598133314897108,0.475,0.43841855872170477,0.9583333333333334,0.924667321150107
277,1,8,232,PLACE_AT_2,2,277,1.8201111111111108,1.936586711482436,0.425,0.38210707604342814,0.25833333333333336,0.217635436841592,0.5083333333333333,0.4539018708918267,0.9666666666666667,0.9542405615173242
277,1,8,232,PLACE_AT_3,3,277,1.7028888888888887,1.7619327244249092,0.4666666666666667,0.36999158211931316,0.225,0.20309528739160213,0.49166666666666664,0.452968406910056,0.9416666666666667,0.9416634822812949
277,1,8,232,PLACE_AT_5,5,277,1.3186666666666664,1.3771617671174057,0.36666666666666664,0.36264059088694633,0.21666666666666667,0.21588344483115526,0.575,0.5153062355230673,0.9333333333333333,0.9204887575121403
277,1,8,232,PLACE_AT_10,10,277,0.4418888888888889,0.6214714303118023,0.275,0.27525339007942257,0.016666666666666666,0.11216232717413255,0.475,0.3921607605304469,0.425,0.4437963414307076
277,2,17,145,PLACE_AT_1,1,277,2.088444444444444,2.108784834877707,0.475,0.36876318250916934,0.225,0.22364583822125222,0.475,0.5020407164399342,0.9583333333333334,0.9566254669865625
277,2,17,145,PLACE_AT_2,2,277,1.8201111111111108,2.1060447520246584,0.425,0.36614593432341397,0.25833333333333336,0.26838441945876745,0.5083333333333333,0.4975200605770219,0.9666666666666667,0.9832449645876109
277,2,17,145,PLACE_AT_3,3,277,1.7028888888888887,2.089343063751243,0.4666666666666667,0.4005491443851914,0.225,0.2421750754178078,0.49166666666666664,0.4857909201421666,0.9416666666666667,0.9670531295263466
277,2,17,145,PLACE_AT_5,5,277,1.3186666666666664,1.5547232343191189,0.36666666666666664,0.3252942617368009,0.21666666666666667,0.2373364252148009,0.575,0.5474465560632489,0.9333333333333333,0.9309362375162809
277,2,17,145,PLACE_AT_10,10,277,0.4418888888888889,0.6308758133953862,0.275,0.3247020007852455,0.016666666666666666,0.1349961264325301,0.475,0.48296480769164674,0.425,0.4453084585962438
277,3,19,243,PLACE_AT_1,1,277,2.088444444444444,2.142487447626238,0.475,0.3578428328261532,0.225,0.207758955393184,0.475,0.4418501511483112,0.9583333333333334,0.9372867473947539
277,3,19,243,PLACE_AT_2,2,277,1.8201111111111108,2.096644224341932,0.425,0.34546635167039075,0.25833333333333336,0.2458820450237983,0.5083333333333333,0.45143488424829487,0.9666666666666667,0.9701722891317945
277,3,19,243,PLACE_AT_3,3,277,1.7028888888888887,1.989226809111387,0.4666666666666667,0.3403390457371375,0.225,0.22374069354082943,0.49166666666666664,0.45148685829951385,0.9416666666666667,0.9553661256326037
277,3,19,243,PLACE_AT_5,5,277,1.3186666666666664,1.484644243847728,0.36666666666666664,0.3311034924922611,0.21666666666666667,0.23879153644866538,0.575,0.5182037365056266,0.9333333333333333,0.9041324618326408
277,3,19,243,PLACE_AT_10,10,277,0.4418888888888889,0.6751675611668104,0.275,0.26801177149358707,0.016666666666666666,0.12413556475953552,0.475,0.388518020404313,0.425,0.4407310547063567
277,4,21,157,PLACE_AT_1,1,277,2.088444444444444,2.051460725225991,0.475,0.4335247107004101,0.225,0.1545333457925545,0.475,0.4710466263510268,0.9583333333333334,0.9272213896917737
277,4,21,157,PLACE_AT_2,2,277,1.8201111111111108,1.8895685762183656,0.425,0.5034809681347796,0.25833333333333336,0.18651290265599493,0.5083333333333333,0.4758181595571123,0.9666666666666667,0.9532158871029959
277,4,21,157,PLACE_AT_3,3,277,1.7028888888888887,1.5698951720300955,0.4666666666666667,0.5127957968661153,0.225,0.19836478378931757,0.49166666666666664,0.4385540332477612,0.9416666666666667,0.96200340673627
277,4,21,157,PLACE_AT_5,5,277,1.3186666666666664,1.425311513223728,0.36666666666666664,0.33042308290760897,0.21666666666666667,0.17950777656829398,0.575,0.5248850535344898,0.9333333333333333,0.9809288167395758
277,4,21,157,PLACE_AT_10,10,277,0.4418888888888889,0.43016876644899793,0.275,0.3709850392441517,0.016666666666666666,0.10522202158725343,0.475,0.5172296522661703,0.425,0.4564595893545649
277,5,27,219,PLACE_AT_1,1,277,2.088444444444444,1.5114198670785497,0.475,0.4655574647558431,0.225,0.17666798472106227,0.475,0.5009511602450106,0.9583333333333334,0.9207776295333203
277,5,27,219,PLACE_AT_2,2,277,1.8201111111111108,1.3841360426719735,0.425,0.41824010775570575,0.25833333333333336,0.1951113748229008,0.5083333333333333,0.5263745623019439,0.9666666666666667,0.9229386468689443
277,5,27,219,PLACE_AT_3,3,277,1.7028888888888887,1.3161856418359745,0.4666666666666667,0.4307194394620459,0.225,0.1666305464853244,0.49166666666666664,0.5465059997698316,0.9416666666666667,0.8449775609227244
277,5,27,219,PLACE_AT_5,5,277,1.3186666666666664,1.0273012604019733,0.36666666666666664,0.5308933609584993,0.21666666666666667,0.1798402177897586,0.575,0.5493906281624704,0.9333333333333333,0.8800549135180197
277,5,27,219,PLACE_AT_10,10,277,0.4418888888888889,0.5745548380283025,0.275,0.296315259599206,0.016666666666666666,0.09645076759559496,0.475,0.4295630209372852,0.425,0.4483009007558738
277,6,30,94,PLACE_AT_1,1,277,2.088444444444444,1.8630812333698166,0.475,0.4379581417023167,0.225,0.1823675837086227,0.475,0.5231719593355103,0.9583333333333334,0.9455662501541695
277,6,30,94,PLACE_AT_2,2,277,1.8201111111111108,1.7698041902213713,0.425,0.46072503233363266,0.25833333333333336,0.2156340097326534,0.5083333333333333,0.5244992894816413,0.9666666666666667,0.9676599959136573
277,6,30,94,PLACE_AT_3,3,277,1.7028888888888887,1.6477106816919922,0.4666666666666667,0.5015865616321983,0.225,0.20499404714851305,0.49166666666666664,0.5042286506069825,0.9416666666666667,0.94972371372128
277,6,30,94,PLACE_AT_5,5,277,1.3186666666666664,1.360343356331129,0.36666666666666664,0.3892078847589377,0.21666666666666667,0.18934272101301095,0.575,0.5548942191621296,0.9333333333333333,0.9623941000800198
277,6,30,94,PLACE_AT_10,10,277,0.4418888888888889,0.49127514730567423,0.275,0.3734325119852984,0.016666666666666666,0.11310963482319857,0.475,0.5386395978482486,0.425,0.4542902513507554
277,7,32,232,PLACE_AT_1,1,277,2.088444444444444,2.033527499792092,0.475,0.38659706358559814,0.225,0.18598133314897108,0.475,0.43841855872170477,0.9583333333333334,0.924667321150107
277,7,32,232,PLACE_AT_2,2,277,1.8201111111111108,1.936586711482436,0.425,0.38210707604342814,0.25833333333333336,0.217635436841592,0.5083333333333333,0.4539018708918267,0.9666666666666667,0.9542405615173242
277,7,32,232,PLACE_AT_3,3,277,1.7028888888888887,1.7619327244249092,0.4666666666666667,0.36999158211931316,0.225,0.20309528739160213,0.49166666666666664,0.452968406910056,0.9416666666666667,0.9416634822812949
277,7,32,232,PLACE_AT_5,5,277,1.3186666666666664,1.3771617671174057,0.36666666666666664,0.36264059088694633,0.21666666666666667,0.21588344483115526,0.575,0.5153062355230673,0.9333333333333333,0.9204887575121403
277,7,32,232,PLACE_AT_10,10,277,0.4418888888888889,0.6214714303118023,0.275,0.27525339007942257,0.016666666666666666,0.11216232717413255,0.475,0.3921607605304469,0.425,0.4437963414307076
277,8,37,157,PLACE_AT_1,1,277,2.088444444444444,1.886317294879716,0.475,0.4253160177620787,0.225,0.18350700384758847,0.475,0.499353627823036,0.9583333333333334,0.9393999625011425
277,8,37,157,PLACE_AT_2,2,277,1.8201111111111108,1.791174208367913,0.425,0.43556670500438266,0.25833333333333336,0.2154440270861869,0.5083333333333333,0.5059767390766219,0.9666666666666667,0.9627504438653985
277,8,37,157,PLACE_AT_3,3,277,1.7028888888888887,1.6610358718625922,0.4666666666666667,0.4603009288396155,0.225,0.20217479248099757,0.49166666666666664,0.49365717825900773,0.9416666666666667,0.94364235754554
277,8,37,157,PLACE_AT_5,5,277,1.3186666666666664,1.3444543822390207,0.36666666666666664,0.39077573092870804,0.21666666666666667,0.19596919906230842,0.575,0.5442275248510827,0.9333333333333333,0.9497768370637878
277,8,37,157,PLACE_AT_10,10,277,0.4418888888888889,0.5329380748268064,0.275,0.34039743282500157,0.016666666666666666,0.11194494557107086,0.475,0.49190161677178795,0.425,0.45101528072394526
281,1,1,1,PLACE_AT_1,1,281,2.2304444444444447,2.513280210799121,0.4666666666666667,0.37624964292444385,0.21666666666666667,0.25815292991469346,0.475,0.47734976139077,0.9583333333333334,0.959050428173405
281,1,1,1,PLACE_AT_2,2,281,2.028888888888889,2.2606820872477567,0.4083333333333333,0.4212667891430294,0.25833333333333336,0.3484394469191293,0.475,0.46337974383343483,0.9666666666666667,0.985837665683204
281,1,1,1,PLACE_AT_3,3,281,1.8246666666666667,2.08068657258529,0.4166666666666667,0.3992039630079875,0.23333333333333334,0.2942712138879131,0.475,0.4672991958861449,0.9333333333333333,0.9581147440457961
281,1,1,1,PLACE_AT_5,5,281,1.3641111111111113,1.3941706854263383,0.35833333333333334,0.31308075150873516,0.20833333333333334,0.3064730951119839,0.5416666666666666,0.5153424385588865,0.9416666666666667,0.9790334479314388
281,1,1,1,PLACE_AT_10,10,281,0.4393333333333333,0.2364958565987756,0.26666666666666666,0.3567540715277869,0.025,0.07631770513187333,0.475,0.4788497724362146,0.4666666666666667,0.44813677290770104
281,2,4,52,PLACE_AT_1,1,281,2.2304444444444447,1.952813611209622,0.4666666666666667,0.4221384420863063,0.21666666666666667,0.16246605577994436,0.475,0.5059395004445083,0.9583333333333334,0.933557262986478
281,2,4,52,PLACE_AT_2,2,281,2.028888888888889,1.8279437983777436,0.4083333333333333,0.42390970299610026,0.25833333333333336,0.20119554804765272,0.475,0.5043125119756363,0.9666666666666667,0.9505232506961734
281,2,4,52,PLACE_AT_3,3,281,1.8246666666666667,1.6040129492141655,0.4166666666666667,0.43200138183999587,0.23333333333333334,0.18848187494046073,0.475,0.4936451363686425,0.9333333333333333,0.9150026085442009
281,2,4,52,PLACE_AT_5,5,281,1.3641111111111113,1.2682890982183612,0.35833333333333334,0.41182618455575204,0.20833333333333334,0.15410250814337428,0.5416666666666666,0.5322011750090733,0.9416666666666667,0.9424869182103949
281,2,4,52,PLACE_AT_10,10,281,0.4393333333333333,0.4388243232267508,0.26666666666666666,0.32378313967832995,0.025,0.05925961614818031,0.475,0.5118100517433629,0.4666666666666667,0.5274937451107589
281,3,16,48,PLACE_AT_1,1,281,2.2304444444444447,1.8510458046920943,0.4666666666666667,0.4302715313713057,0.21666666666666667,0.19212907373594773,0.475,0.5195384172983701,0.9583333333333334,0.9432705808278427
281,3,16,48,PLACE_AT_2,2,281,2.028888888888889,1.7670935813395765,0.4083333333333333,0.4458157044130459,0.25833333333333336,0.23450975210402022,0.475,0.5256013351951693,0.9666666666666667,0.95873290500339
281,3,16,48,PLACE_AT_3,3,281,1.8246666666666667,1.589751851672711,0.4166666666666667,0.4410593026361492,0.23333333333333334,0.20651209064367704,0.475,0.5135437897970756,0.9333333333333333,0.9204671650159829
281,3,16,48,PLACE_AT_5,5,281,1.3641111111111113,1.2434769690415823,0.35833333333333334,0.41653306678741786,0.20833333333333334,0.16206574852521335,0.5416666666666666,0.5344419042085569,0.9416666666666667,0.9571723920657633
281,3,16,48,PLACE_AT_10,10,281,0.4393333333333333,0.3495731000720983,0.26666666666666666,0.3492223467322753,0.025,0.06483662656819196,0.475,0.5236533195017048,0.4666666666666667,0.5198885699359258
281,4,18,210,PLACE_AT_1,1,281,2.2304444444444447,2.0991705272238064,0.4666666666666667,0.41157317279640154,0.21666666666666667,0.09865080627324833,0.475,0.486592212528621,0.9583333333333334,0.9003826508546822
281,4,18,210,PLACE_AT_2,2,281,2.028888888888889,1.8819903251603667,0.4083333333333333,0.3910750059419042,0.25833333333333336,0.12708580656679397,0.475,0.4659737608166138,0.9666666666666667,0.9197733980386856
281,4,18,210,PLACE_AT_3,3,281,1.8246666666666667,1.5204849982458564,0.4166666666666667,0.4252579920667079,0.23333333333333334,0.13949197950082798,0.475,0.4502017034628548,0.9333333333333333,0.8832875243886653
281,4,18,210,PLACE_AT_5,5,281,1.3641111111111113,1.2427012535280109,0.35833333333333334,0.4094662230957973,0.20833333333333334,0.12389859380492073,0.5416666666666666,0.537760737556398,0.9416666666666667,0.9019034509945629
281,4,18,210,PLACE_AT_10,10,281,0.4393333333333333,0.5789829083327922,0.26666666666666666,0.27322072441589706,0.025,0.04114053721886927,0.475,0.5124012436161757,0.4666666666666667,0.5683987940387043
281,5,29,269,PLACE_AT_1,1,281,2.2304444444444447,2.823113150147204,0.4666666666666667,0.3514310860059801,0.21666666666666667,0.1901582908655513,0.475,0.4297981279900857,0.9583333333333334,0.9411888895789936
281,5,29,269,PLACE_AT_2,2,281,2.028888888888889,2.487461631791081,0.4083333333333333,0.3451165667770463,0.25833333333333336,0.2625642889476323,0.475,0.40211001298169424,0.9666666666666667,0.9769749332586232
281,5,29,269,PLACE_AT_3,3,281,1.8246666666666667,2.240497426237169,0.4166666666666667,0.3608983037668432,0.23333333333333334,0.25653330055550577,0.475,0.42063531979341784,0.9333333333333333,0.9593075947209325
281,5,29,269,PLACE_AT_5,5,281,1.3641111111111113,1.5711332084158285,0.35833333333333334,0.3033916731704093,0.20833333333333334,0.29131098911628095,0.5416666666666666,0.49470053825276444,0.9416666666666667,0.9395983576521184
281,5,29,269,PLACE_AT_10,10,281,0.4393333333333333,0.5819743246486764,0.26666666666666666,0.28636715180679734,0.025,0.07649409853263764,0.475,0.410577055937203,0.4666666666666667,0.438248947073358
281,6,30,230,PLACE_AT_1,1,281,2.2304444444444447,1.6170797699525592,0.4666666666666667,0.4514648602105612,0.21666666666666667,0.1689364208163877,0.475,0.5505213792362186,0.9583333333333334,0.9398931354784289
281,6,30,230,PLACE_AT_2,2,281,2.028888888888889,1.553680306395888,0.4083333333333333,0.4910196101407868,0.25833333333333336,0.20877302102853296,0.475,0.5566490035589227,0.9666666666666667,0.9537856331377784
281,6,30,230,PLACE_AT_3,3,281,1.8246666666666667,1.3271522823538693,0.4166666666666667,0.47546272151853064,0.23333333333333334,0.17897626386883717,0.475,0.5258321178326195,0.9333333333333333,0.887367773586322
281,6,30,230,PLACE_AT_5,5,281,1.3641111111111113,1.0543481015640999,0.35833333333333334,0.43807643181189443,0.20833333333333334,0.13212544773658813,0.5416666666666666,0.5585042171637307,0.9416666666666667,0.9706676137644116
281,6,30,230,PLACE_AT_10,10,281,0.4393333333333333,0.17907565690026095,0.26666666666666666,0.3684192423627326,0.025,0.047872835938784906,0.475,0.5876710345947529,0.4666666666666667,0.5690372096804042
281,7,36,52,PLACE_AT_1,1,281,2.2304444444444447,1.952813611209622,0.4666666666666667,0.4221384420863063,0.21666666666666667,0.16246605577994436,0.475,0.5059395004445083,0.9583333333333334,0.933557262986478
281,7,36,52,PLACE_AT_2,2,281,2.028888888888889,1.8279437983777436,0.4083333333333333,0.42390970299610026,0.25833333333333336,0.20119554804765272,0.475,0.5043125119756363,0.9666666666666667,0.9505232506961734
281,7,36,52,PLACE_AT_3,3,281,1.8246666666666667,1.6040129492141655,0.4166666666666667,0.43200138183999587,0.23333333333333334,0.18848187494046073,0.475,0.4936451363686425,0.9333333333333333,0.9150026085442009
281,7,36,52,PLACE_AT_5,5,281,1.3641111111111113,1.2682890982183612,0.35833333333333334,0.41182618455575204,0.20833333333333334,0.15410250814337428,0.5416666666666666,0.5322011750090733,0.9416666666666667,0.9424869182103949
281,7,36,52,PLACE_AT_10,10,281,0.4393333333333333,0.4388243232267508,0.26666666666666666,0.32378313967832995,0.025,0.05925961614818031,0.475,0.5118100517433629,0.4666666666666667,0.5274937451107589
281,8,44,124,PLACE_AT_1,1,281,2.2304444444444447,2.2602098989665156,0.4666666666666667,0.39317133345840893,0.21666666666666667,0.24753049345520667,0.475,0.4596731518166249,0.9583333333333334,0.9492427782635737
281,8,44,124,PLACE_AT_2,2,281,2.028888888888889,2.158522788571683,0.4083333333333333,0.3581649962631886,0.25833333333333336,0.2895778810485695,0.475,0.4690396119917303,0.9666666666666667,0.9643898817215927
281,8,44,124,PLACE_AT_3,3,281,1.8246666666666667,2.0947697625901442,0.4166666666666667,0.375339333338367,0.23333333333333334,0.2683849167665619,0.475,0.495658293921945,0.9333333333333333,0.9611094849241817
281,8,44,124,PLACE_AT_5,5,281,1.3641111111111113,1.6292425156491372,0.35833333333333334,0.38460583394294995,0.20833333333333334,0.22852414539238394,0.5416666666666666,0.48481515185502355,0.9416666666666667,0.9020985692490071
281,8,44,124,PLACE_AT_10,10,281,0.4393333333333333,0.7167521299625548,0.26666666666666666,0.31247550191454254,0.025,0.1210668170094708,0.475,0.39265416840245787,0.4666666666666667,0.4211202988165079
283,1,2,42,PLACE_AT_1,1,283,2.1417777777777776,1.8331737930022745,0.48333333333333334,0.3576590819726173,0.25833333333333336,0.3039555404307176,0.5083333333333333,0.5841180966354882,0.9583333333333334,0.9653127229551769
283,1,2,42,PLACE_AT_2,2,283,1.9336666666666664,1.7696237445681584,0.4083333333333333,0.3608455820380696,0.275,0.35418432662050225,0.49166666666666664,0.6055699883319506,0.9666666666666667,0.9858444151750352
283,1,2,42,PLACE_AT_3,3,283,1.8398888888888887,1.9996973247625185,0.4166666666666667,0.36407384023657546,0.26666666666666666,0.312520792307057,0.475,0.5249142087060295,0.9333333333333333,0.9354678030768335
283,1,2,42,PLACE_AT_5,5,283,1.4385555555555556,1.342273318254917,0.35833333333333334,0.35098153297056506,0.24166666666666667,0.2847438302740076,0.55,0.5945800087066153,0.9333333333333333,0.953021775019042
283,1,2,42,PLACE_AT_10,10,283,0.5123333333333333,0.5450688928601253,0.25833333333333336,0.3624450091486287,0.041666666666666664,0.19995174591136913,0.475,0.5811050808979443,0.43333333333333335,0.48165386860890086
283,2,18,42,PLACE_AT_1,1,283,2.1417777777777776,1.8331737930022745,0.48333333333333334,0.3576590819726173,0.25833333333333336,0.3039555404307176,0.5083333333333333,0.5841180966354882,0.9583333333333334,0.9653127229551769
283,2,18,42,PLACE_AT_2,2,283,1.9336666666666664,1.7696237445681584,0.4083333333333333,0.3608455820380696,0.275,0.35418432662050225,0.49166666666666664,0.6055699883319506,0.9666666666666667,0.9858444151750352
283,2,18,42,PLACE_AT_3,3,283,1.8398888888888887,1.9996973247625185,0.4166666666666667,0.36407384023657546,0.26666666666666666,0.312520792307057,0.475,0.5249142087060295,0.9333333333333333,0.9354678030768335
283,2,18,42,PLACE_AT_5,5,283,1.4385555555555556,1.342273318254917,0.35833333333333334,0.35098153297056506,0.24166666666666667,0.2847438302740076,0.55,0.5945800087066153,0.9333333333333333,0.953021775019042
283,2,18,42,PLACE_AT_10,10,283,0.5123333333333333,0.5450688928601253,0.25833333333333336,0.3624450091486287,0.041666666666666664,0.19995174591136913,0.475,0.5811050808979443,0.43333333333333335,0.48165386860890086
283,3,22,318,PLACE_AT_1,1,283,2.1417777777777776,2.3240969090861823,0.48333333333333334,0.3901672686852794,0.25833333333333336,0.2472767922967342,0.5083333333333333,0.4691335628310413,0.9583333333333334,0.9465863125250196
283,3,22,318,PLACE_AT_2,2,283,1.9336666666666664,2.2139393951302746,0.4083333333333333,0.37321346310748327,0.275,0.27029664531745085,0.49166666666666664,0.44637346060952565,0.9666666666666667,0.968031640203405
283,3,22,318,PLACE_AT_3,3,283,1.8398888888888887,2.2215500643092865,0.4166666666666667,0.39110849389971586,0.26666666666666666,0.21357803324309427,0.475,0.42560269606518175,0.9333333333333333,0.9281818828965894
283,3,22,318,PLACE_AT_5,5,283,1.4385555555555556,1.6328622723228143,0.35833333333333334,0.4319834598558212,0.24166666666666667,0.2337068808512396,0.55,0.5009849928037615,0.9333333333333333,0.7732991061385475
283,3,22,318,PLACE_AT_10,10,283,0.5123333333333333,0.8402810086372419,0.25833333333333336,0.2770897831899765,0.041666666666666664,0.1719145432576453,0.475,0.44189384794633796,0.43333333333333335,0.42969912944717964
283,4,25,297,PLACE_AT_1,1,283,2.1417777777777776,2.033533594219014,0.48333333333333334,0.41821489824415464,0.25833333333333336,0.21192059894315377,0.5083333333333333,0.5096799250218024,0.9583333333333334,0.9418519563947467
283,4,25,297,PLACE_AT_2,2,283,1.9336666666666664,1.8445876057030721,0.4083333333333333,0.42408481754176286,0.275,0.2391806271962072,0.49166666666666664,0.5073845827105335,0.9666666666666667,0.9642356900925474
283,4,25,297,PLACE_AT_3,3,283,1.8398888888888887,1.769533216442866,0.4166666666666667,0.4229745740723593,0.26666666666666666,0.2373832363042665,0.475,0.49310736329615457,0.9333333333333333,0.932479380120821
283,4,25,297,PLACE_AT_5,5,283,1.4385555555555556,1.4179604244229034,0.35833333333333334,0.38931264513880676,0.24166666666666667,0.21797200930209146,0.55,0.5303033065524689,0.9333333333333333,0.9559256287929047
283,4,25,297,PLACE_AT_10,10,283,0.5123333333333333,0.4998543178967181,0.25833333333333336,0.3306835958276106,0.041666666666666664,0.13017668049977651,0.475,0.49771633905299106,0.43333333333333335,0.4652440709447735
283,5,28,300,PLACE_AT_1,1,283,2.1417777777777776,2.4985343381511362,0.48333333333333334,0.41125485359096037,0.25833333333333336,0.18863962252957678,0.5083333333333333,0.42711761122075437,0.9583333333333334,0.9171148863047137
283,5,28,300,PLACE_AT_2,2,283,1.9336666666666664,2.261847903966438,0.4083333333333333,0.39897766385542616,0.275,0.20466817569462137,0.49166666666666664,0.3931488621562067,0.9666666666666667,0.9411119216074784
283,5,28,300,PLACE_AT_3,3,283,1.8398888888888887,1.950563482585694,0.4166666666666667,0.4194830083832583,0.26666666666666666,0.20390203395748072,0.475,0.43393075683955545,0.9333333333333333,0.938770437356979
283,5,28,300,PLACE_AT_5,5,283,1.4385555555555556,1.5989217409773029,0.35833333333333334,0.3835716596065287,0.24166666666666667,0.2162297615102591,0.55,0.4823520722195782,0.9333333333333333,0.8951215753185958
283,5,28,300,PLACE_AT_10,10,283,0.5123333333333333,0.6294157900592403,0.25833333333333336,0.2645190343926188,0.041666666666666664,0.11869944642275633,0.475,0.3935579109041019,0.43333333333333335,0.42312229621253816
283,6,34,42,PLACE_AT_1,1,283,2.1417777777777776,2.573287890263746,0.48333333333333334,0.3138885060928097,0.25833333333333336,0.267069784792729,0.5083333333333333,0.47931100323027903,0.9583333333333334,0.9352782363321971
283,6,34,42,PLACE_AT_2,2,283,1.9336666666666664,2.396168008200169,0.4083333333333333,0.29619268551976097,0.275,0.30691005130494675,0.49166666666666664,0.4607149176400701,0.9666666666666667,0.9727501808990667
283,6,34,42,PLACE_AT_3,3,283,1.8398888888888887,2.1503318513909986,0.4166666666666667,0.33581933732639935,0.26666666666666666,0.3180015233053286,0.475,0.4792955287704374,0.9333333333333333,0.9577930323660133
283,6,34,42,PLACE_AT_5,5,283,1.4385555555555556,1.4922508063548394,0.35833333333333334,0.24880398377342913,0.24166666666666667,0.33329838069517476,0.55,0.5659719662262923,0.9333333333333333,0.9411225142988807
283,6,34,42,PLACE_AT_10,10,283,0.5123333333333333,0.501508058674071,0.25833333333333336,0.2709367344280504,0.041666666666666664,0.16851849631750648,0.475,0.4411079636875167,0.43333333333333335,0.42502940903373587
283,7,40,264,PLACE_AT_1,1,283,2.1417777777777776,1.5785608541525145,0.48333333333333334,0.45867243625005566,0.25833333333333336,0.22515502690813521,0.5083333333333333,0.5669558265322523,0.9583333333333334,0.9598882579311291
283,7,40,264,PLACE_AT_2,2,283,1.9336666666666664,1.4604333528929367,0.4083333333333333,0.4791476062287905,0.275,0.2549573431819863,0.49166666666666664,0.5866199341537798,0.9666666666666667,0.9742406241165397
283,7,40,264,PLACE_AT_3,3,283,1.8398888888888887,1.6849391416359507,0.4166666666666667,0.45001278764115027,0.26666666666666666,0.22054353448269484,0.475,0.5116117191189303,0.9333333333333333,0.9081939227115244
283,7,40,264,PLACE_AT_5,5,283,1.4385555555555556,1.351475418700471,0.35833333333333334,0.4864579848805617,0.24166666666666667,0.18490302222634813,0.55,0.5369553429959939,0.9333333333333333,0.9533371172109569
283,7,40,264,PLACE_AT_10,10,283,0.5123333333333333,0.5675762821266026,0.25833333333333336,0.38722422184846,0.041666666666666664,0.1431166794594893,0.475,0.5764367677942605,0.43333333333333335,0.4984415102970758
283,8,45,13,PLACE_AT_1,1,283,2.1417777777777776,2.0065706169642086,0.48333333333333334,0.39580615041924766,0.25833333333333336,0.2146050316513037,0.5083333333333333,0.5317056196274778,0.9583333333333334,0.9395013401575829
283,8,45,13,PLACE_AT_2,2,283,1.9336666666666664,1.7843885598696387,0.4083333333333333,0.4073886311367649,0.275,0.24963480164531113,0.49166666666666664,0.5390730460630813,0.9666666666666667,0.9675841915532446
283,8,45,13,PLACE_AT_3,3,283,1.8398888888888887,1.6327821625787302,0.4166666666666667,0.4090188644291591,0.26666666666666666,0.28425322480896725,0.475,0.5332047626169348,0.9333333333333333,0.9440375920177118
283,8,45,13,PLACE_AT_5,5,283,1.4385555555555556,1.3029955941671776,0.35833333333333334,0.31487536610584227,0.24166666666666667,0.24636974756289703,0.55,0.5650342528752207,0.9333333333333333,0.9838000389123579
283,8,45,13,PLACE_AT_10,10,283,0.5123333333333333,0.2962845295127152,0.25833333333333336,0.34835168663788135,0.041666666666666664,0.12359889673230359,0.475,0.5217604855760608,0.43333333333333335,0.47594080834522
293,1,0,8,PLACE_AT_1,1,293,2.1967777777777773,2.4072364567766824,0.48333333333333334,0.35316088305050947,0.23333333333333334,0.20349111796781094,0.5166666666666667,0.48181511723853643,0.9666666666666667,0.9311076656273068
293,1,0,8,PLACE_AT_2,2,293,1.9443333333333328,2.0412433116344673,0.43333333333333335,0.36373707295715324,0.25833333333333336,0.26864466138363335,0.5333333333333333,0.4761099765260248,0.9666666666666667,0.9446618247750521
293,1,0,8,PLACE_AT_3,3,293,1.7783333333333329,1.7710262806332184,0.45,0.35879676276116446,0.24166666666666667,0.2636434066524755,0.5083333333333333,0.4756888022442203,0.9416666666666667,0.9543806852048109
293,1,0,8,PLACE_AT_5,5,293,1.4636666666666662,1.3593805904814382,0.35833333333333334,0.2856225091097301,0.25,0.2487455733706833,0.5583333333333333,0.5729520131627875,0.925,0.9633116697153916
293,1,0,8,PLACE_AT_10,10,293,0.5104444444444443,0.3597877101616187,0.2833333333333333,0.29544238459059313,0.041666666666666664,0.06819496408892384,0.4583333333333333,0.4628594166685293,0.425,0.4702321557449989
293,2,3,227,PLACE_AT_1,1,293,2.1967777777777773,1.7749872024482245,0.48333333333333334,0.46795868051308037,0.23333333333333334,0.18028047428473623,0.5166666666666667,0.5556189740298504,0.9666666666666667,0.9547068555428253
293,2,3,227,PLACE_AT_2,2,293,1.9443333333333328,1.6169253966708026,0.43333333333333335,0.4867796757199818,0.25833333333333336,0.21910060811859952,0.5333333333333333,0.571495378036412,0.9666666666666667,0.9707622807493878
293,2,3,227,PLACE_AT_3,3,293,1.7783333333333329,1.4559696628971484,0.45,0.5022303324425436,0.24166666666666667,0.19956132409077926,0.5083333333333333,0.562505713397493,0.9416666666666667,0.9335336561117872
293,2,3,227,PLACE_AT_5,5,293,1.4636666666666662,1.2705327802355442,0.35833333333333334,0.4398213103577262,0.25,0.16528755631188144,0.5583333333333333,0.5769729086258404,0.925,0.965618098087809
293,2,3,227,PLACE_AT_10,10,293,0.5104444444444443,0.42238114549700545,0.2833333333333333,0.3857830773401206,0.041666666666666664,0.06765677628372838,0.4583333333333333,0.5378080539345028,0.425,0.469929900939226
293,3,4,100,PLACE_AT_1,1,293,2.1967777777777773,2.171489571837489,0.48333333333333334,0.47560496522038537,0.23333333333333334,0.2383831697602488,0.5166666666666667,0.5373951469494599,0.9666666666666667,0.961302047991709
293,3,4,100,PLACE_AT_2,2,293,1.9443333333333328,2.0156216711251704,0.43333333333333335,0.4754119361801645,0.25833333333333336,0.24174440336586278,0.5333333333333333,0.5695795679911007,0.9666666666666667,0.9864195636834129
293,3,4,100,PLACE_AT_3,3,293,1.7783333333333329,2.0146119131565654,0.45,0.5021954638384144,0.24166666666666667,0.21999064168630234,0.5083333333333333,0.5272849853252295,0.9416666666666667,0.9345504492809782
293,3,4,100,PLACE_AT_5,5,293,1.4636666666666662,1.7221420729854091,0.35833333333333334,0.48248995550944673,0.25,0.2729842750752164,0.5583333333333333,0.4745971031191453,0.925,0.8466469863813348
293,3,4,100,PLACE_AT_10,10,293,0.5104444444444443,0.7580724478295009,0.2833333333333333,0.37433976374451816,0.041666666666666664,0.12306348955604338,0.4583333333333333,0.47485102850725286,0.425,0.4087753069614883
293,4,12,116,PLACE_AT_1,1,293,2.1967777777777773,2.16035691030504,0.48333333333333334,0.43231851979478847,0.23333333333333334,0.2528405687098876,0.5166666666666667,0.539621629433695,0.9666666666666667,0.9656646905570774
293,4,12,116,PLACE_AT_2,2,293,1.9443333333333328,1.9142100414092695,0.43333333333333335,0.4468525180809591,0.25833333333333336,0.29552412774133474,0.5333333333333333,0.5722279002176276,0.9666666666666667,0.9861618025244389
293,4,12,116,PLACE_AT_3,3,293,1.7783333333333329,1.9654547525821227,0.45,0.46043109395498266,0.24166666666666667,0.2712011078315239,0.5083333333333333,0.5243995644889777,0.9416666666666667,0.9485011393064441
293,4,12,116,PLACE_AT_5,5,293,1.4636666666666662,1.497622926198872,0.35833333333333334,0.40419062331711514,0.25,0.26478794056077476,0.5583333333333333,0.5198824808929584,0.925,0.9443630097194836
293,4,12,116,PLACE_AT_10,10,293,0.5104444444444443,0.490965918293059,0.2833333333333333,0.38680908406759235,0.041666666666666664,0.10834174128182039,0.4583333333333333,0.5122366304571555,0.425,0.4210860333071809
293,5,21,213,PLACE_AT_1,1,293,2.1967777777777773,1.9502557974204728,0.48333333333333334,0.44914754286918657,0.23333333333333334,0.17969632538925362,0.5166666666666667,0.5334673499921093,0.9666666666666667,0.945623130622921
293,5,21,213,PLACE_AT_2,2,293,1.9443333333333328,1.7653542334136376,0.43333333333333335,0.46068507354563615,0.25833333333333336,0.21319170965673442,0.5333333333333333,0.5419289197848017,0.9666666666666667,0.9633579461771159
293,5,21,213,PLACE_AT_3,3,293,1.7783333333333329,1.542311375817119,0.45,0.4744546268409423,0.24166666666666667,0.19831977917228605,0.5083333333333333,0.5393828442404119,0.9416666666666667,0.9346272507048373
293,5,21,213,PLACE_AT_5,5,293,1.4636666666666662,1.3641200604533616,0.35833333333333334,0.418867262347391,0.25,0.1854206845522564,0.5583333333333333,0.5631429238334924,0.925,0.9502045472182071
293,5,21,213,PLACE_AT_10,10,293,0.5104444444444443,0.4931565749928779,0.2833333333333333,0.3530074545771503,0.041666666666666664,0.0693480884144111,0.4583333333333333,0.5034457180063294,0.425,0.4681315076662248
293,6,22,30,PLACE_AT_1,1,293,2.1967777777777773,2.234290013475079,0.48333333333333334,0.4218932183629205,0.23333333333333334,0.19906606816265535,0.5166666666666667,0.507411357426346,0.9666666666666667,0.9404339950968522
293,6,22,30,PLACE_AT_2,2,293,1.9443333333333328,1.9995325261877246,0.43333333333333335,0.42494868992334933,0.25833333333333336,0.227409803275403,0.5333333333333333,0.51388250505945,0.9666666666666667,0.9638616567362137
293,6,22,30,PLACE_AT_3,3,293,1.7783333333333329,1.781485748397924,0.45,0.4368358241553851,0.24166666666666667,0.21601349114512236,0.5083333333333333,0.5056913311524569,0.9416666666666667,0.9400754841406656
293,6,22,30,PLACE_AT_5,5,293,1.4636666666666662,1.5283965523106504,0.35833333333333334,0.3907412431046609,0.25,0.23797589292783453,0.5583333333333333,0.5311618741093759,0.925,0.9166811837651441
293,6,22,30,PLACE_AT_10,10,293,0.5104444444444443,0.5884570282667341,0.2833333333333333,0.32323669387429754,0.041666666666666664,0.08244270527393323,0.4583333333333333,0.46209382763749357,0.425,0.4510146518227971
293,7,32,104,PLACE_AT_1,1,293,2.1967777777777773,2.0198044398849895,0.48333333333333334,0.48057904407563645,0.23333333333333334,0.1996907966243355,0.5166666666666667,0.5385428862666181,0.9666666666666667,0.9527598299315604
293,7,32,104,PLACE_AT_2,2,293,1.9443333333333328,1.8863687929186712,0.43333333333333335,0.48275805245687714,0.25833333333333336,0.2093201012440874,0.5333333333333333,0.5587949582139189,0.9666666666666667,0.9774942833861295
293,7,32,104,PLACE_AT_3,3,293,1.7783333333333329,1.754116581315136,0.45,0.5075149326652302,0.24166666666666667,0.19151996898679566,0.5083333333333333,0.5394376819221323,0.9416666666666667,0.9283468483321267
293,7,32,104,PLACE_AT_5,5,293,1.4636666666666662,1.5889958758170648,0.35833333333333334,0.48026537291344595,0.25,0.21952901152891557,0.5583333333333333,0.5098062094632586,0.925,0.8862590738664028
293,7,32,104,PLACE_AT_10,10,293,0.5104444444444443,0.6967902605795395,0.2833333333333333,0.36396245171901576,0.041666666666666664,0.09388344318052001,0.4583333333333333,0.48329195879339143,0.425,0.4372533468024895
293,8,36,28,PLACE_AT_1,1,293,2.1967777777777773,2.383717650671777,0.48333333333333334,0.45226930426378,0.23333333333333334,0.2440135999174299,0.5166666666666667,0.5129788752881954,0.9666666666666667,0.9542105686345739
293,8,36,28,PLACE_AT_2,2,293,1.9443333333333328,2.191144731028918,0.43333333333333335,0.44462226663520554,0.25833333333333336,0.24183678701340292,0.5333333333333333,0.5388304886488817,0.9666666666666667,0.9837066671956294
293,8,36,28,PLACE_AT_3,3,293,1.7783333333333329,2.142873220485092,0.45,0.46912705645347985,0.24166666666666667,0.2249504751935173,0.5083333333333333,0.49992066146079017,0.9416666666666667,0.937240973348816
293,8,36,28,PLACE_AT_5,5,293,1.4636666666666662,1.832440984361003,0.35833333333333334,0.45578660899533774,0.25,0.312384003841393,0.5583333333333333,0.45649422077683394,0.925,0.7842667784899748
293,8,36,28,PLACE_AT_10,10,293,0.5104444444444443,0.8314550368509921,0.2833333333333333,0.3409722323505543,0.041666666666666664,0.13017316424777603,0.4583333333333333,0.43806619454666385,0.425,0.4035403681817961
307,1,0,24,PLACE_AT_1,1,307,2.2304444444444447,2.1057553687472708,0.4666666666666667,0.41089186357569335,0.21666666666666667,0.2101465094015934,0.475,0.5199089805084189,0.9583333333333334,0.9523818542775871
307,1,0,24,PLACE_AT_2,2,307,2.028888888888889,1.9156803548806436,0.4083333333333333,0.4733470936413258,0.25833333333333336,0.28274610488648355,0.475,0.5108097737249122,0.9666666666666667,0.9788186265454302
307,1,0,24,PLACE_AT_3,3,307,1.8246666666666667,1.683221984820083,0.4166666666666667,0.44465107126000414,0.23333333333333334,0.23440487728265674,0.475,0.4910000031064071,0.9333333333333333,0.9278186130791894
307,1,0,24,PLACE_AT_5,5,307,1.3641111111111113,1.1600114655161695,0.35833333333333334,0.358710606515661,0.20833333333333334,0.21787271240990572,0.5416666666666666,0.5452692908621822,0.9416666666666667,0.9829175738352215
307,1,0,24,PLACE_AT_10,10,307,0.4393333333333333,0.0913517881664565,0.26666666666666666,0.37386854275675524,0.025,0.05332799028997569,0.475,0.5570720459364413,0.4666666666666667,0.5181470875327135
307,2,12,100,PLACE_AT_1,1,307,2.2304444444444447,1.830337980513029,0.4666666666666667,0.4331880138138756,0.21666666666666667,0.16464746863867827,0.475,0.5264723351156724,0.9583333333333334,0.9370625281464631
307,2,12,100,PLACE_AT_2,2,307,2.028888888888889,1.718277361425744,0.4083333333333333,0.45769177336023703,0.25833333333333336,0.2066946245562364,0.475,0.5260163221723311,0.9666666666666667,0.955041435235294
307,2,12,100,PLACE_AT_3,3,307,1.8246666666666667,1.4815181909499975,0.4166666666666667,0.45269432927761516,0.23333333333333334,0.18504987631104255,0.475,0.5045928800924787,0.9333333333333333,0.9028322014039897
307,2,12,100,PLACE_AT_5,5,307,1.3641111111111113,1.1558304081697335,0.35833333333333334,0.41680085848969345,0.20833333333333334,0.1478301238512365,0.5416666666666666,0.5462097854503616,0.9416666666666667,0.9617798715514386
307,2,12,100,PLACE_AT_10,10,307,0.4393333333333333,0.2889661472382885,0.26666666666666666,0.3456348204786376,0.025,0.05163910396253006,0.475,0.5521333532629333,0.4666666666666667,0.5484651096322577
307,3,19,267,PLACE_AT_1,1,307,2.2304444444444447,2.266340922519766,0.4666666666666667,0.3928075308523558,0.21666666666666667,0.20680415447703213,0.475,0.4513870148424741,0.9583333333333334,0.9385222867812649
307,3,19,267,PLACE_AT_2,2,307,2.028888888888889,2.1530740609424948,0.4083333333333333,0.3396752503246957,0.25833333333333336,0.2400988766861998,0.475,0.45702233702976225,0.9666666666666667,0.9506681706041024
307,3,19,267,PLACE_AT_3,3,307,1.8246666666666667,2.0519965673418303,0.4166666666666667,0.37107669024674583,0.23333333333333334,0.23747646725470536,0.475,0.4839996208762583,0.9333333333333333,0.9554742625665883
307,3,19,267,PLACE_AT_5,5,307,1.3641111111111113,1.6446714759310623,0.35833333333333334,0.39586865256710085,0.20833333333333334,0.2004551599522897,0.5416666666666666,0.48365227639275576,0.9416666666666667,0.8560565095516828
307,3,19,267,PLACE_AT_10,10,307,0.4393333333333333,0.8319077977892881,0.26666666666666666,0.28800220750245586,0.025,0.11221244539453895,0.475,0.38367568606095465,0.4666666666666667,0.43488992414716166
307,4,22,182,PLACE_AT_1,1,307,2.2304444444444447,2.1163129793185447,0.4666666666666667,0.40687996757700273,0.21666666666666667,0.21779136855004763,0.475,0.48696325776315225,0.9583333333333334,0.9467917546544732
307,4,22,182,PLACE_AT_2,2,307,2.028888888888889,2.0005558092349074,0.4083333333333333,0.4014137694472746,0.25833333333333336,0.26472096713739757,0.475,0.4912593682303826,0.9666666666666667,0.9647834081845924
307,4,22,182,PLACE_AT_3,3,307,1.8246666666666667,1.8664268720625565,0.4166666666666667,0.40624082611218765,0.23333333333333334,0.23893252696064948,0.475,0.4980285743467151,0.9333333333333333,0.9451117247200631
307,4,22,182,PLACE_AT_5,5,307,1.3641111111111113,1.431577212383949,0.35833333333333334,0.38994293923081047,0.20833333333333334,0.20218760330946767,0.5416666666666666,0.5104184232404806,0.9416666666666667,0.9406467130068438
307,4,22,182,PLACE_AT_10,10,307,0.4393333333333333,0.5084214865247729,0.26666666666666666,0.33052549848355395,0.025,0.08607980875236937,0.475,0.4594043160355022,0.4666666666666667,0.4695555874663958
307,5,24,40,PLACE_AT_1,1,307,2.2304444444444447,2.200960380796762,0.4666666666666667,0.3995631627638433,0.21666666666666667,0.2370066463846543,0.475,0.47963127548843476,0.9583333333333334,0.9505982458188438
307,5,24,40,PLACE_AT_2,2,307,2.028888888888889,2.07517861204245,0.4083333333333333,0.39464143783561123,0.25833333333333336,0.2889608751799833,0.475,0.48382897792375823,0.9666666666666667,0.9698140411561483
307,5,24,40,PLACE_AT_3,3,307,1.8246666666666667,1.9612650633999342,0.4166666666666667,0.3974965474744655,0.23333333333333334,0.2580254769801099,0.475,0.4957045473510414,0.9333333333333333,0.9526462293248511
307,5,24,40,PLACE_AT_5,5,307,1.3641111111111113,1.4794889623711647,0.35833333333333334,0.3774365853715437,0.20833333333333334,0.22471328711753466,0.5416666666666666,0.5040869554332047,0.9416666666666667,0.9431229780025565
307,5,24,40,PLACE_AT_10,10,307,0.4393333333333333,0.5161261837920366,0.26666666666666666,0.3325922663693061,0.025,0.09462037538613789,0.475,0.4444011322187519,0.4666666666666667,0.4513320627687706
307,6,27,155,PLACE_AT_1,1,307,2.2304444444444447,1.8719942703682657,0.4666666666666667,0.4275260536213524,0.21666666666666667,0.25732091621168185,0.475,0.5220562769780858,0.9583333333333334,0.9569244394517644
307,6,27,155,PLACE_AT_2,2,307,2.028888888888889,1.8170649741493254,0.4083333333333333,0.4568675474309887,0.25833333333333336,0.3099913479473377,0.475,0.5362134705010562,0.9666666666666667,0.9726405094839013
307,6,27,155,PLACE_AT_3,3,307,1.8246666666666667,1.7203219439723598,0.4166666666666667,0.4363290261148062,0.23333333333333334,0.25457642347610554,0.475,0.5308628679165691,0.9333333333333333,0.9406075856879711
307,6,27,155,PLACE_AT_5,5,307,1.3641111111111113,1.29467890709296,0.35833333333333334,0.40292831747147545,0.20833333333333334,0.20070668026904823,0.5416666666666666,0.5266520899801256,0.9416666666666667,0.9698655545472011
307,6,27,155,PLACE_AT_10,10,307,0.4393333333333333,0.2765611883199597,0.26666666666666666,0.37900113092666804,0.025,0.08290263942609206,0.475,0.5114184766480102,0.4666666666666667,0.4836018380823864
307,7,34,18,PLACE_AT_1,1,307,2.2304444444444447,2.1167338649609873,0.4666666666666667,0.40793495518277895,0.21666666666666667,0.1600883137034728,0.475,0.4835609839644615,0.9583333333333334,0.930326776628854
307,7,34,18,PLACE_AT_2,2,307,2.028888888888889,1.963670011105028,0.4083333333333333,0.3908787246970336,0.25833333333333336,0.19801303247636262,0.475,0.47847744823373495,0.9666666666666667,0.9486167018558535
307,7,34,18,PLACE_AT_3,3,307,1.8246666666666667,1.7437914770585676,0.4166666666666667,0.41039917802436066,0.23333333333333334,0.19381366205254819,0.475,0.47830778061044776,0.9333333333333333,0.9267264329643351
307,7,34,18,PLACE_AT_5,5,307,1.3641111111111113,1.3781777466346004,0.35833333333333334,0.39966138137345647,0.20833333333333334,0.16601599792976104,0.5416666666666666,0.5185700562434221,0.9416666666666667,0.9193989581598254
307,7,34,18,PLACE_AT_10,10,307,0.4393333333333333,0.5723240867896815,0.26666666666666666,0.3026577882787061,0.025,0.06647054067792676,0.475,0.47246628241334937,0.4666666666666667,0.5057523232045961
307,8,37,309,PLACE_AT_1,1,307,2.2304444444444447,2.139312508777247,0.4666666666666667,0.405246665627099,0.21666666666666667,0.21369837622407917,0.475,0.48669440310516626,0.9583333333333334,0.9463205145999717
307,8,37,309,PLACE_AT_2,2,307,2.028888888888889,2.010598887502318,0.4083333333333333,0.4028709434850674,0.25833333333333336,0.26251036546188167,0.475,0.4887704624660461,0.9666666666666667,0.9656683966071136
307,8,37,309,PLACE_AT_3,3,307,1.8246666666666667,1.8637237936448,0.4166666666666667,0.40693982993917016,0.23333333333333334,0.23720778475927035,0.475,0.49420886280680465,0.9333333333333333,0.9441434480190444
307,8,37,309,PLACE_AT_5,5,307,1.3641111111111113,1.4191731214508883,0.35833333333333334,0.385590313289254,0.20833333333333334,0.20397695268624785,0.5416666666666666,0.5121443272276502,0.9416666666666667,0.9436821698478869
307,8,37,309,PLACE_AT_10,10,307,0.4393333333333333,0.49085299706651253,0.26666666666666666,0.33008297345218124,0.025,0.08267131651555618,0.475,0.4636174872305817,0.4666666666666667,0.47267545636321356
311,1,4,236,PLACE_AT_1,1,311,2.320777777777778,1.9759004414484462,0.5,0.6210591311592374,0.19166666666666668,0.11802850911154956,0.4583333333333333,0.4817519629204869,0.9583333333333334,0.9344728620135876
311,1,4,236,PLACE_AT_2,2,311,2.0626666666666664,1.8481722416673179,0.43333333333333335,0.5332974143929927,0.23333333333333334,0.10967359572417267,0.4666666666666667,0.5001916883447697,0.9583333333333334,0.9349299381669431
311,1,4,236,PLACE_AT_3,3,311,1.8631111111111112,1.6712849482588321,0.44166666666666665,0.6284599776851656,0.21666666666666667,0.12267643193856255,0.45,0.49166316169963903,0.9333333333333333,0.9008448036769553
311,1,4,236,PLACE_AT_5,5,311,1.4786666666666668,1.41129534283554,0.375,0.5989838417277292,0.225,0.1256814992339211,0.5583333333333333,0.5110167742081477,0.925,0.9107113143470897
311,1,4,236,PLACE_AT_10,10,311,0.49299999999999994,0.5659888863616773,0.275,0.2407794636109516,0.041666666666666664,0.054030963080957915,0.475,0.4745932002539537,0.44166666666666665,0.43657057539075816
311,2,6,102,PLACE_AT_1,1,311,2.320777777777778,2.7672188326307188,0.5,0.35373925549099755,0.19166666666666668,0.34046764920271955,0.4583333333333333,0.4345970304275682,0.9583333333333334,0.9192466537312907
311,2,6,102,PLACE_AT_2,2,311,2.0626666666666664,2.5302466858757766,0.43333333333333335,0.35757532653163926,0.23333333333333334,0.44412924195261894,0.4666666666666667,0.4084519632417461,0.9583333333333334,0.9655485255822492
311,2,6,102,PLACE_AT_3,3,311,1.8631111111111112,2.462954028008745,0.44166666666666665,0.31546539295653375,0.21666666666666667,0.3541118210310509,0.45,0.4196245976895313,0.9333333333333333,0.9386442916758442
311,2,6,102,PLACE_AT_5,5,311,1.4786666666666668,1.7895491901967686,0.375,0.2999838717659519,0.225,0.39963625807232955,0.5583333333333333,0.4692690273097872,0.925,0.768949889224829
311,2,6,102,PLACE_AT_10,10,311,0.49299999999999994,0.7106559798201291,0.275,0.24576212713469445,0.041666666666666664,0.1589903934294537,0.475,0.37305495090874236,0.44166666666666665,0.40903193769080126
311,3,19,51,PLACE_AT_1,1,311,2.320777777777778,2.7380655248393517,0.5,0.2789648411377608,0.19166666666666668,0.31405482784048444,0.4583333333333333,0.466468874733889,0.9583333333333334,0.9491163800272564
311,3,19,51,PLACE_AT_2,2,311,2.0626666666666664,2.3979621789627115,0.43333333333333335,0.32020489123348095,0.23333333333333334,0.4449043978311202,0.4666666666666667,0.43364184680233586,0.9583333333333334,0.9805046726969221
311,3,19,51,PLACE_AT_3,3,311,1.8631111111111112,2.2871242558888287,0.44166666666666665,0.24950941638928478,0.21666666666666667,0.3611827410695522,0.45,0.43575473019390804,0.9333333333333333,0.9579968053517104
311,3,19,51,PLACE_AT_5,5,311,1.4786666666666668,1.6702905804816623,0.375,0.20284029395198536,0.225,0.38109563776315514,0.5583333333333333,0.522426147460651,0.925,0.9365673259168829
311,3,19,51,PLACE_AT_10,10,311,0.49299999999999994,0.510752445164071,0.275,0.3529585366968045,0.041666666666666664,0.1458711012760869,0.475,0.45414200598069876,0.44166666666666665,0.47296876962444445
311,4,25,305,PLACE_AT_1,1,311,2.320777777777778,2.788968137873506,0.5,0.40790820477180867,0.19166666666666668,0.2060115533749545,0.4583333333333333,0.40436920539615184,0.9583333333333334,0.8733293183144819
311,4,25,305,PLACE_AT_2,2,311,2.0626666666666664,2.4217755812622626,0.43333333333333335,0.42517480647007266,0.23333333333333334,0.32549415953555577,0.4666666666666667,0.3788493906655411,0.9583333333333334,0.9080596483467522
311,4,25,305,PLACE_AT_3,3,311,1.8631111111111112,1.975907215698716,0.44166666666666665,0.362770231689111,0.21666666666666667,0.28983553712105076,0.45,0.3509767012934205,0.9333333333333333,0.934313930334497
311,4,25,305,PLACE_AT_5,5,311,1.4786666666666668,1.5365428154008949,0.375,0.30124312498362993,0.225,0.31762599843553635,0.5583333333333333,0.4787962786284422,0.925,0.9263510334559578
311,4,25,305,PLACE_AT_10,10,311,0.49299999999999994,0.5791253647329397,0.275,0.19616745469737273,0.041666666666666664,0.07095699142172936,0.475,0.34938077585654387,0.44166666666666665,0.43404624663239755
311,5,35,155,PLACE_AT_1,1,311,2.320777777777778,2.005490009209617,0.5,0.46553814286763967,0.19166666666666668,0.10988575362136398,0.4583333333333333,0.5261174764740467,0.9583333333333334,0.9672249480037185
311,5,35,155,PLACE_AT_2,2,311,2.0626666666666664,1.7039935809001763,0.43333333333333335,0.45430793911617645,0.23333333333333334,0.12675388241158644,0.4666666666666667,0.5304845330848013,0.9583333333333334,0.9733945609749006
311,5,35,155,PLACE_AT_3,3,311,1.8631111111111112,1.458281993123617,0.44166666666666665,0.4763836317375268,0.21666666666666667,0.14172104391770038,0.45,0.5080955128451735,0.9333333333333333,0.9463854684618781
311,5,35,155,PLACE_AT_5,5,311,1.4786666666666668,1.2543746953797137,0.375,0.3724716009871017,0.225,0.12697859915512852,0.5583333333333333,0.588760329892848,0.925,0.9896791321926816
311,5,35,155,PLACE_AT_10,10,311,0.49299999999999994,0.2662436857816317,0.275,0.41149065733225243,0.041666666666666664,0.0504062285099182,0.475,0.5925504441113529,0.44166666666666665,0.5347641218924979
311,6,37,77,PLACE_AT_1,1,311,2.320777777777778,1.991603039168509,0.5,0.4667940484823184,0.19166666666666668,0.11236359984176414,0.4583333333333333,0.528677483671892,0.9583333333333334,0.9682551183744008
311,6,37,77,PLACE_AT_2,2,311,2.0626666666666664,1.7013420041334575,0.43333333333333335,0.4528081061306553,0.23333333333333334,0.12714851058503868,0.4666666666666667,0.5338124716322677,0.9583333333333334,0.974757234400439
311,6,37,77,PLACE_AT_3,3,311,1.8631111111111112,1.4793995252610315,0.44166666666666665,0.4787257955117788,0.21666666666666667,0.14141712596910225,0.45,0.5139542485552445,0.9333333333333333,0.946044417001463
311,6,37,77,PLACE_AT_5,5,311,1.4786666666666668,1.2660966760078562,0.375,0.37804515391600374,0.225,0.12696356404738512,0.5583333333333333,0.5883805033873676,0.925,0.9888024877505178
311,6,37,77,PLACE_AT_10,10,311,0.49299999999999994,0.27427443770266313,0.275,0.4150463389907462,0.041666666666666664,0.05245074186767768,0.475,0.5951616348929204,0.44166666666666665,0.5329983523858542
311,7,40,128,PLACE_AT_1,1,311,2.320777777777778,1.9066849569950988,0.5,0.50902032253397,0.19166666666666668,0.09192945798999536,0.4583333333333333,0.5286783314008773,0.9583333333333334,0.9663736738221383
311,7,40,128,PLACE_AT_2,2,311,2.0626666666666664,1.6196892681525572,0.43333333333333335,0.4833480397695322,0.23333333333333334,0.10025771566051146,0.4666666666666667,0.53923731344148,0.9583333333333334,0.9685321454227408
311,7,40,128,PLACE_AT_3,3,311,1.8631111111111112,1.3447575687612314,0.44166666666666665,0.5258741299896699,0.21666666666666667,0.11997770669452788,0.45,0.5129446376893423,0.9333333333333333,0.941295366324495
311,7,40,128,PLACE_AT_5,5,311,1.4786666666666668,1.2014372751307036,0.375,0.4188829290423314,0.225,0.10556367836884979,0.5583333333333333,0.5910865495792382,0.925,0.9907550905212795
311,7,40,128,PLACE_AT_10,10,311,0.49299999999999994,0.25426607934149725,0.275,0.3993693782942997,0.041666666666666664,0.04204105362976906,0.475,0.5991123531925537,0.44166666666666665,0.5354298828212001
311,8,41,65,PLACE_AT_1,1,311,2.320777777777778,2.4405532908021312,0.5,0.4062552043301971,0.19166666666666668,0.18193078129685944,0.4583333333333333,0.46899710823567087,0.9583333333333334,0.9404564402087752
311,8,41,65,PLACE_AT_2,2,311,2.0626666666666664,2.122459216663177,0.43333333333333335,0.41368627318904766,0.23333333333333334,0.24726149433627478,0.4666666666666667,0.4548987573109873,0.9583333333333334,0.9613250266949627
311,8,41,65,PLACE_AT_3,3,311,1.8631111111111112,1.8580060221233201,0.44166666666666665,0.38670183638270467,0.21666666666666667,0.2306606758521106,0.45,0.43812894657037893,0.9333333333333333,0.9438392562905683
311,8,41,65,PLACE_AT_5,5,311,1.4786666666666668,1.4657753091784818,0.375,0.3153193958577342,0.225,0.23453956874693438,0.5583333333333333,0.5313573462171076,0.925,0.9629536478962998
311,8,41,65,PLACE_AT_10,10,311,0.49299999999999994,0.4518157752797569,0.275,0.30817959131688066,0.041666666666666664,0.07573052832094486,0.475,0.4704416647911072,0.44166666666666665,0.47936657462869214
313,1,2,202,PLACE_AT_1,1,313,2.2317777777777774,1.6743501680953123,0.4666666666666667,0.5221428020448575,0.20833333333333334,0.1830733725372765,0.48333333333333334,0.5382089973498189,0.95,0.9394255324273014
313,1,2,202,PLACE_AT_2,2,313,2.0253333333333328,1.640683054639416,0.43333333333333335,0.49666287109922075,0.25833333333333336,0.2044796354712642,0.48333333333333334,0.5607027499204054,0.9666666666666667,0.9495758811662025
313,1,2,202,PLACE_AT_3,3,313,1.8816666666666664,1.4903603680336528,0.43333333333333335,0.5282963617069997,0.23333333333333334,0.1859510292555105,0.475,0.5381133753921825,0.9416666666666667,0.9457975488313642
313,1,2,202,PLACE_AT_5,5,313,1.5029999999999997,1.4166837100254561,0.35,0.5289387124674373,0.23333333333333334,0.18952649949103104,0.55,0.5680771630980033,0.925,0.9304762866043274
313,1,2,202,PLACE_AT_10,10,313,0.519111111111111,0.6458491308050656,0.225,0.2572954297962623,0.041666666666666664,0.11755782083277164,0.475,0.5261807339777385,0.43333333333333335,0.5507911281792719
313,2,15,39,PLACE_AT_1,1,313,2.2317777777777774,2.2920823177082577,0.4666666666666667,0.40020274636266834,0.20833333333333334,0.1974574619247013,0.48333333333333334,0.4876591662552068,0.95,0.940870859759073
313,2,15,39,PLACE_AT_2,2,313,2.0253333333333328,2.0728657854948933,0.43333333333333335,0.4160315269318207,0.25833333333333336,0.23059318611337598,0.48333333333333334,0.476898876108579,0.9666666666666667,0.9759010543434214
313,2,15,39,PLACE_AT_3,3,313,1.8816666666666664,1.95269910260016,0.43333333333333335,0.40692855416085777,0.23333333333333334,0.21788274963241552,0.475,0.47729536354887603,0.9416666666666667,0.94132160686517
313,2,15,39,PLACE_AT_5,5,313,1.5029999999999997,1.5106029152381173,0.35,0.3262777300212627,0.23333333333333334,0.21515856102740094,0.55,0.5243927539884938,0.925,0.9347445843043581
313,2,15,39,PLACE_AT_10,10,313,0.519111111111111,0.5068301117759573,0.225,0.24846408692355051,0.041666666666666664,0.1294882538740991,0.475,0.4753057835451198,0.43333333333333335,0.44418538522662465
313,3,16,304,PLACE_AT_1,1,313,2.2317777777777774,1.9658543093437768,0.4666666666666667,0.5040153695870485,0.20833333333333334,0.16822736185737516,0.48333333333333334,0.5119858371704956,0.95,0.9352112354991389
313,3,16,304,PLACE_AT_2,2,313,2.0253333333333328,1.8014793483136746,0.43333333333333335,0.4961690476829585,0.25833333333333336,0.19932825763049994,0.48333333333333334,0.5220975590905499,0.9666666666666667,0.9670545517548295
313,3,16,304,PLACE_AT_3,3,313,1.8816666666666664,1.5891233680815517,0.43333333333333335,0.5294925400982352,0.23333333333333334,0.1849184063182005,0.475,0.4991930058488449,0.9416666666666667,0.9450508338463924
313,3,16,304,PLACE_AT_5,5,313,1.5029999999999997,1.4115279156608993,0.35,0.44447775646324755,0.23333333333333334,0.17770897862781726,0.55,0.5386741646478077,0.925,0.9586363688275832
313,3,16,304,PLACE_AT_10,10,313,0.519111111111111,0.47468916561455954,0.225,0.29896027270824127,0.041666666666666664,0.10604609385674087,0.475,0.5186636788987813,0.43333333333333335,0.4970876911677571
313,4,17,65,PLACE_AT_1,1,313,2.2317777777777774,3.046647263976796,0.4666666666666667,0.3919884123364748,0.20833333333333334,0.19665669619446868,0.48333333333333334,0.3989951524500984,0.95,0.8725278362249892
313,4,17,65,PLACE_AT_2,2,313,2.0253333333333328,2.6155476581770087,0.43333333333333335,0.37779714961374655,0.25833333333333336,0.2405392924283645,0.48333333333333334,0.3882967998079484,0.9666666666666667,0.9022619678299059
313,4,17,65,PLACE_AT_3,3,313,1.8816666666666664,2.296248598705462,0.43333333333333335,0.3523594145501986,0.23333333333333334,0.2441703351615128,0.475,0.38131675344962473,0.9416666666666667,0.9289818302576934
313,4,17,65,PLACE_AT_5,5,313,1.5029999999999997,1.761485472124471,0.35,0.28782256225418784,0.23333333333333334,0.2712676996289301,0.55,0.442128418237834,0.925,0.9185681378491786
313,4,17,65,PLACE_AT_10,10,313,0.519111111111111,0.5196746221991544,0.225,0.23260600860559172,0.041666666666666664,0.12198472133671993,0.475,0.39806133342836647,0.43333333333333335,0.3607447556965985
313,5,31,39,PLACE_AT_1,1,313,2.2317777777777774,2.2920823177082577,0.4666666666666667,0.40020274636266834,0.20833333333333334,0.1974574619247013,0.48333333333333334,0.4876591662552068,0.95,0.940870859759073
313,5,31,39,PLACE_AT_2,2,313,2.0253333333333328,2.0728657854948933,0.43333333333333335,0.4160315269318207,0.25833333333333336,0.23059318611337598,0.48333333333333334,0.476898876108579,0.9666666666666667,0.9759010543434214
313,5,31,39,PLACE_AT_3,3,313,1.8816666666666664,1.95269910260016,0.43333333333333335,0.40692855416085777,0.23333333333333334,0.21788274963241552,0.475,0.47729536354887603,0.9416666666666667,0.94132160686517
313,5,31,39,PLACE_AT_5,5,313,1.5029999999999997,1.5106029152381173,0.35,0.3262777300212627,0.23333333333333334,0.21515856102740094,0.55,0.5243927539884938,0.925,0.9347445843043581
313,5,31,39,PLACE_AT_10,10,313,0.519111111111111,0.5068301117759573,0.225,0.24846408692355051,0.041666666666666664,0.1294882538740991,0.475,0.4753057835451198,0.43333333333333335,0.44418538522662465
313,6,37,277,PLACE_AT_1,1,313,2.2317777777777774,1.6107333872274816,0.4666666666666667,0.5166707455121181,0.20833333333333334,0.1542280970804755,0.48333333333333334,0.5572620561640095,0.95,0.9591337064110048
313,6,37,277,PLACE_AT_2,2,313,2.0253333333333328,1.5056608511964735,0.43333333333333335,0.5369892557419421,0.25833333333333336,0.18495379495033412,0.48333333333333334,0.5628009876650595,0.9666666666666667,0.9900000147942237
313,6,37,277,PLACE_AT_3,3,313,1.8816666666666664,1.36420232555679,0.43333333333333335,0.5903469750285513,0.23333333333333334,0.164746542933306,0.475,0.5408267459833783,0.9416666666666667,0.9517395465187718
313,6,37,277,PLACE_AT_5,5,313,1.5029999999999997,1.2249950754069219,0.35,0.43923679847257346,0.23333333333333334,0.1381185357160946,0.55,0.5745503234921164,0.925,0.9773951201282904
313,6,37,277,PLACE_AT_10,10,313,0.519111111111111,0.34258813624147844,0.225,0.3531680199516659,0.041666666666666664,0.09896850959742073,0.475,0.5726410348301357,0.43333333333333335,0.526935477059377
313,7,38,318,PLACE_AT_1,1,313,2.2317777777777774,1.9180310079195404,0.4666666666666667,0.4883866200115131,0.20833333333333334,0.1757369765335271,0.48333333333333334,0.518993442527661,0.95,0.940854674351382
313,7,38,318,PLACE_AT_2,2,313,2.0253333333333328,1.7816615264428777,0.43333333333333335,0.48465932683279195,0.25833333333333336,0.20491352186922715,0.48333333333333334,0.5273359203700476,0.9666666666666667,0.9702794616255981
313,7,38,318,PLACE_AT_3,3,313,1.8816666666666664,1.6121417886313596,0.43333333333333335,0.511367911992015,0.23333333333333334,0.18898478959087409,0.475,0.5093488059627868,0.9416666666666667,0.9453611516291935
313,7,38,318,PLACE_AT_5,5,313,1.5029999999999997,1.4103163373434404,0.35,0.43884976464577163,0.23333333333333334,0.18237289387161326,0.55,0.5474014806544805,0.925,0.951939912743126
313,7,38,318,PLACE_AT_10,10,313,0.519111111111111,0.5070463314800973,0.225,0.283891158809929,0.041666666666666664,0.11242016749175954,0.475,0.518261561626139,0.43333333333333335,0.5030190494754152
313,8,41,225,PLACE_AT_1,1,313,2.2317777777777774,1.5662959116295263,0.4666666666666667,0.4827877498343567,0.20833333333333334,0.16770533616822283,0.48333333333333334,0.5657994078958101,0.95,0.964957565873917
313,8,41,225,PLACE_AT_2,2,313,2.0253333333333328,1.499703290951871,0.43333333333333335,0.5117683351750087,0.25833333333333336,0.19585947847980548,0.48333333333333334,0.5667524796424951,0.9666666666666667,0.9917537690976785
313,8,41,225,PLACE_AT_3,3,313,1.8816666666666664,1.4332065989829386,0.43333333333333335,0.5516514586122224,0.23333333333333334,0.1732171393127278,0.475,0.5544714217474654,0.9416666666666667,0.9518743321972709
313,8,41,225,PLACE_AT_5,5,313,1.5029999999999997,1.232175082735674,0.35,0.41930503947515557,0.23333333333333334,0.14676752992113923,0.55,0.5865737716713683,0.925,0.9700780679723913
313,8,41,225,PLACE_AT_10,10,313,0.519111111111111,0.3957824652001196,0.225,0.3226140522683501,0.041666666666666664,0.11043822476943929,0.475,0.5681384273924753,0.43333333333333335,0.5312729451621303
317,1,3,67,PLACE_AT_1,1,317,2.320777777777778,2.6182078796174273,0.5,0.4235257705013234,0.19166666666666668,0.16513463348070007,0.4583333333333333,0.42809735902838714,0.9583333333333334,0.9008411784840268
317,1,3,67,PLACE_AT_2,2,317,2.0626666666666664,2.2401235201500977,0.43333333333333335,0.4393091436226193,0.23333333333333334,0.25608761571508715,0.4666666666666667,0.40832748088989423,0.9583333333333334,0.9213168005035663
317,1,3,67,PLACE_AT_3,3,317,1.8631111111111112,1.7800980628628924,0.44166666666666665,0.38958007499284514,0.21666666666666667,0.24296826760402926,0.45,0.374928459490592,0.9333333333333333,0.9379548505053522
317,1,3,67,PLACE_AT_5,5,317,1.4786666666666668,1.430219899123124,0.375,0.30965221215189936,0.225,0.25397608544618977,0.5583333333333333,0.5077794210919149,0.925,0.9631513629015351
317,1,3,67,PLACE_AT_10,10,317,0.49299999999999994,0.4789900423562172,0.275,0.23320086711029966,0.041666666666666664,0.0578077674149103,0.475,0.40189085706517014,0.44166666666666665,0.4636434336139719
317,2,7,247,PLACE_AT_1,1,317,2.320777777777778,2.5596821702593555,0.5,0.4747475961078367,0.19166666666666668,0.19030932011328233,0.4583333333333333,0.42477365831583536,0.9583333333333334,0.892817107867382
317,2,7,247,PLACE_AT_2,2,317,2.0626666666666664,2.2889115081975366,0.43333333333333335,0.45411184390165527,0.23333333333333334,0.2564949598676752,0.4666666666666667,0.4120957019804049,0.9583333333333334,0.9185815483027645
317,2,7,247,PLACE_AT_3,3,317,1.8631111111111112,1.9654884031179147,0.44166666666666665,0.44285712217102347,0.21666666666666667,0.23612419913472524,0.45,0.3945302554352161,0.9333333333333333,0.9226118320139481
317,2,7,247,PLACE_AT_5,5,317,1.4786666666666668,1.5444791874995791,0.375,0.39779490820007546,0.225,0.259212595889203,0.5583333333333333,0.47939158909174295,0.925,0.8929134411717213
317,2,7,247,PLACE_AT_10,10,317,0.49299999999999994,0.6176295097755815,0.275,0.20120207600927298,0.041666666666666664,0.07276368910561921,0.475,0.37501122242178414,0.44166666666666665,0.42307913966214733
317,3,8,144,PLACE_AT_1,1,317,2.320777777777778,2.279511524508957,0.5,0.3955531859178361,0.19166666666666668,0.18166688031359776,0.4583333333333333,0.5035416023641225,0.9583333333333334,0.9612667166605708
317,3,8,144,PLACE_AT_2,2,317,2.0626666666666664,1.9925220202401612,0.43333333333333335,0.3992490794625481,0.23333333333333334,0.22569510674059165,0.4666666666666667,0.49473931275884303,0.9583333333333334,0.9774642273215648
317,3,8,144,PLACE_AT_3,3,317,1.8631111111111112,1.8483946390667834,0.44166666666666665,0.3885171318961725,0.21666666666666667,0.2123666059452246,0.45,0.4876950425124473,0.9333333333333333,0.9490311563582413
317,3,8,144,PLACE_AT_5,5,317,1.4786666666666668,1.4551288739026331,0.375,0.31615465118827657,0.225,0.20798525056394104,0.5583333333333333,0.5564700998219926,0.925,0.9711254798932839
317,3,8,144,PLACE_AT_10,10,317,0.49299999999999994,0.3987214977853748,0.275,0.3820162478303133,0.041666666666666664,0.0848666167180623,0.475,0.5339849262666824,0.44166666666666665,0.5003894881780077
317,4,19,67,PLACE_AT_1,1,317,2.320777777777778,1.9436176614761436,0.5,0.4358535390165181,0.19166666666666668,0.1691230209147227,0.4583333333333333,0.553551014818132,0.9583333333333334,0.978140568325838
317,4,19,67,PLACE_AT_2,2,317,2.0626666666666664,1.7595978957257727,0.43333333333333335,0.40738726934156355,0.23333333333333334,0.16581060261533362,0.4666666666666667,0.5605467402465842,0.9583333333333334,0.9880368759394333
317,4,19,67,PLACE_AT_3,3,317,1.8631111111111112,1.8241241550308618,0.44166666666666665,0.4531339710972315,0.21666666666666667,0.1633960480155917,0.45,0.5716840761686856,0.9333333333333333,0.9473921348074238
317,4,19,67,PLACE_AT_5,5,317,1.4786666666666668,1.447064478841304,0.375,0.3913650126573737,0.225,0.15260925498347766,0.5583333333333333,0.58186889656307,0.925,0.9700382888756913
317,4,19,67,PLACE_AT_10,10,317,0.49299999999999994,0.37323106012259366,0.275,0.46675573183464336,0.041666666666666664,0.09570111440666088,0.475,0.6163394466875861,0.44166666666666665,0.5132212096634373
317,5,28,300,PLACE_AT_1,1,317,2.320777777777778,2.171627452837817,0.5,0.4548618424709259,0.19166666666666668,0.13403560042372933,0.4583333333333333,0.500346391735007,0.9583333333333334,0.9561748207802285
317,5,28,300,PLACE_AT_2,2,317,2.0626666666666664,1.875464374190275,0.43333333333333335,0.445171366640512,0.23333333333333334,0.163531075363905,0.4666666666666667,0.49861836046536245,0.9583333333333334,0.9666991806588573
317,5,28,300,PLACE_AT_3,3,317,1.8631111111111112,1.6236394600911475,0.44166666666666665,0.4533778772331577,0.21666666666666667,0.1699046582299666,0.45,0.478918694670285,0.9333333333333333,0.9427193681642069
317,5,28,300,PLACE_AT_5,5,317,1.4786666666666668,1.3452264582000724,0.375,0.36591436187204224,0.225,0.1618232021220504,0.5583333333333333,0.5610161498139851,0.925,0.9802266078937385
317,5,28,300,PLACE_AT_10,10,317,0.49299999999999994,0.3592312068474093,0.275,0.35548989363559574,0.041666666666666664,0.05883562521428718,0.475,0.5366540929391288,0.44166666666666665,0.5061985129022751
317,6,29,61,PLACE_AT_1,1,317,2.320777777777778,2.166118372522457,0.5,0.43973876033691167,0.19166666666666668,0.15662616278766117,0.4583333333333333,0.5085395319918066,0.9583333333333334,0.9614041243032566
317,6,29,61,PLACE_AT_2,2,317,2.0626666666666664,1.904318453630567,0.43333333333333335,0.42663671436595607,0.23333333333333334,0.1826693641310788,0.4666666666666667,0.5067899732790994,0.9583333333333334,0.9745242053286913
317,6,29,61,PLACE_AT_3,3,317,1.8631111111111112,1.7525643298223712,0.44166666666666665,0.43946640896565586,0.21666666666666667,0.18125372699441483,0.45,0.49807419682509013,0.9333333333333333,0.9437614938149003
317,6,29,61,PLACE_AT_5,5,317,1.4786666666666668,1.4121846886366427,0.375,0.36543974056466905,0.225,0.175124834072976,0.5583333333333333,0.558523042551587,0.925,0.9721310940630087
317,6,29,61,PLACE_AT_10,10,317,0.49299999999999994,0.39400370574770927,0.275,0.3731999444839096,0.041666666666666664,0.0736102732827617,0.475,0.5433717962328648,0.44166666666666665,0.49942127777722173
317,7,35,219,PLACE_AT_1,1,317,2.320777777777778,2.1917658698341915,0.5,0.39951738906295764,0.19166666666666668,0.13256149092712552,0.4583333333333333,0.5146034819871137,0.9583333333333334,0.9652228604048719
317,7,35,219,PLACE_AT_2,2,317,2.0626666666666664,1.8350434856666333,0.43333333333333335,0.4169924564422483,0.23333333333333334,0.17436755685481906,0.4666666666666667,0.5075549413518422,0.9583333333333334,0.975594374728068
317,7,35,219,PLACE_AT_3,3,317,1.8631111111111112,1.5598953606252368,0.44166666666666665,0.3984115625766373,0.21666666666666667,0.18035288389559676,0.45,0.4832503025679526,0.9333333333333333,0.9539708658193969
317,7,35,219,PLACE_AT_5,5,317,1.4786666666666668,1.2960734898038815,0.375,0.2937635837573204,0.225,0.16483759800219266,0.5583333333333333,0.5865128862476854,0.925,0.990537093726777
317,7,35,219,PLACE_AT_10,10,317,0.49299999999999994,0.25936976948446766,0.275,0.4185092901572699,0.041666666666666664,0.05811645582999948,0.475,0.5749147811650306,0.44166666666666665,0.539142638160997
317,8,46,230,PLACE_AT_1,1,317,2.320777777777778,2.1848122734277915,0.5,0.43078509499626016,0.19166666666666668,0.16293722983481582,0.4583333333333333,0.5084484631976238,0.9583333333333334,0.9618319045898762
317,8,46,230,PLACE_AT_2,2,317,2.0626666666666664,1.9219146262018207,0.43333333333333335,0.4202681059359018,0.23333333333333334,0.1913819006289648,0.4666666666666667,0.5055027831612988,0.9583333333333334,0.9756585358757596
317,8,46,230,PLACE_AT_3,3,317,1.8631111111111112,1.7806771902631437,0.44166666666666665,0.42944493435268055,0.21666666666666667,0.1873594072182524,0.45,0.49808322622224366,0.9333333333333333,0.9447822411934201
317,8,46,230,PLACE_AT_5,5,317,1.4786666666666668,1.4256294240991552,0.375,0.35681433376963584,0.225,0.18168523060092562,0.5583333333333333,0.5579455205972046,0.925,0.9710666591543385
317,8,46,230,PLACE_AT_10,10,317,0.49299999999999994,0.3980081671730771,0.275,0.37634050190327956,0.041666666666666664,0.07697098012716504,0.475,0.5424030892344452,0.44166666666666665,0.4989604339457023
331,1,7,7,PLACE_AT_1,1,331,2.1417777777777776,1.4899926462719395,0.48333333333333334,0.4443846294902561,0.25833333333333336,0.2300696715155813,0.5083333333333333,0.5937033942362075,0.9583333333333334,0.9607631771535792
331,1,7,7,PLACE_AT_2,2,331,1.9336666666666664,1.3544200519857093,0.4083333333333333,0.471911292316165,0.275,0.26732153900933553,0.49166666666666664,0.6239320062352645,0.9666666666666667,0.9775542132019843
331,1,7,7,PLACE_AT_3,3,331,1.8398888888888887,1.5581116877549932,0.4166666666666667,0.4413285155715586,0.26666666666666666,0.2562067244458676,0.475,0.548496056869621,0.9333333333333333,0.9180004544592769
331,1,7,7,PLACE_AT_5,5,331,1.4385555555555556,1.2436257226710086,0.35833333333333334,0.43089167318026095,0.24166666666666667,0.2019415680647732,0.55,0.5678727348725249,0.9333333333333333,0.9798708645428448
331,1,7,7,PLACE_AT_10,10,331,0.5123333333333333,0.40402515758286506,0.25833333333333336,0.4118902513476572,0.041666666666666664,0.13929457013164234,0.475,0.6076074420611406,0.43333333333333335,0.5123907903422155
331,2,12,284,PLACE_AT_1,1,331,2.1417777777777776,1.5161007315037685,0.48333333333333334,0.48314846902670255,0.25833333333333336,0.18283158011770653,0.5083333333333333,0.5673105742833534,0.9583333333333334,0.9482962452078001
331,2,12,284,PLACE_AT_2,2,331,1.9336666666666664,1.2992442886591689,0.4083333333333333,0.5180866938167143,0.275,0.21011800474855793,0.49166666666666664,0.5914137081969413,0.9666666666666667,0.9636008243196043
331,2,12,284,PLACE_AT_3,3,331,1.8398888888888887,1.3324659536662922,0.4166666666666667,0.4799347443500291,0.26666666666666666,0.22786902283742927,0.475,0.5495179366506678,0.9333333333333333,0.9173193305427649
331,2,12,284,PLACE_AT_5,5,331,1.4385555555555556,1.228034595412661,0.35833333333333334,0.4406567221619478,0.24166666666666667,0.17166013270116437,0.55,0.5430096214059332,0.9333333333333333,0.9875460182168682
331,2,12,284,PLACE_AT_10,10,331,0.5123333333333333,0.2981283758894566,0.25833333333333336,0.41039330977268096,0.041666666666666664,0.10381694237393199,0.475,0.5809941462443763,0.43333333333333335,0.5132038242339289
331,3,16,104,PLACE_AT_1,1,331,2.1417777777777776,1.492184925112555,0.48333333333333334,0.4336996162824199,0.25833333333333336,0.24264485534756552,0.5083333333333333,0.5994099283185526,0.9583333333333334,0.9630399459561295
331,3,16,104,PLACE_AT_2,2,331,1.9336666666666664,1.3744454301248497,0.4083333333333333,0.4591846672557153,0.275,0.2826441738460586,0.49166666666666664,0.6308427533427519,0.9666666666666667,0.9799880216820144
331,3,16,104,PLACE_AT_3,3,331,1.8398888888888887,1.6123678415334903,0.4166666666666667,0.43113164750320776,0.26666666666666666,0.26481679197992397,0.475,0.5486758216847241,0.9333333333333333,0.9189679210882
331,3,16,104,PLACE_AT_5,5,331,1.4385555555555556,1.2464738282765244,0.35833333333333334,0.42495495495004243,0.24166666666666667,0.21116389332084762,0.55,0.5744765827092863,0.9333333333333333,0.977850310337618
331,3,16,104,PLACE_AT_10,10,331,0.5123333333333333,0.42453378824786525,0.25833333333333336,0.4114439745897199,0.041666666666666664,0.14898168590416908,0.475,0.6129879090557564,0.43333333333333335,0.5117397646951002
331,4,25,89,PLACE_AT_1,1,331,2.1417777777777776,2.2706937917405,0.48333333333333334,0.4249962168711843,0.25833333333333336,0.1882242638862103,0.5083333333333333,0.4612995834964711,0.9583333333333334,0.9255902511574264
331,4,25,89,PLACE_AT_2,2,331,1.9336666666666664,2.037121815983171,0.4083333333333333,0.42360544102574066,0.275,0.20753196437670418,0.49166666666666664,0.4410191718602927,0.9666666666666667,0.9480314603688884
331,4,25,89,PLACE_AT_3,3,331,1.8398888888888887,1.8012260480166673,0.4166666666666667,0.43139228136980706,0.26666666666666666,0.21302444002281257,0.475,0.4635494395308773,0.9333333333333333,0.9353904936871114
331,4,25,89,PLACE_AT_5,5,331,1.4385555555555556,1.5046049575135887,0.35833333333333334,0.38978159100035326,0.24166666666666667,0.20803647450899426,0.55,0.4996051251701331,0.9333333333333333,0.938929326872116
331,4,25,89,PLACE_AT_10,10,331,0.5123333333333333,0.5382847089202831,0.25833333333333336,0.2963747090629351,0.041666666666666664,0.11518954269057528,0.475,0.43818150762763725,0.43333333333333335,0.4444062176460935
331,5,27,27,PLACE_AT_1,1,331,2.1417777777777776,2.4177581019628462,0.48333333333333334,0.4043085229522335,0.25833333333333336,0.21104965165856085,0.5083333333333333,0.4447718624868235,0.9583333333333334,0.9310977245975527
331,5,27,27,PLACE_AT_2,2,331,1.9336666666666664,2.2344650813764506,0.4083333333333333,0.39030731738466534,0.275,0.2296137127314365,0.49166666666666664,0.4154593867199511,0.9666666666666667,0.9540795932731357
331,5,27,27,PLACE_AT_3,3,331,1.8398888888888887,2.0606172623721473,0.4166666666666667,0.40904031665929497,0.26666666666666666,0.20634332908386283,0.475,0.430049769442012,0.9333333333333333,0.9338840575954013
331,5,27,27,PLACE_AT_5,5,331,1.4385555555555556,1.613762135288702,0.35833333333333334,0.40716804664980183,0.24166666666666667,0.22153598109152525,0.55,0.48911158422241924,0.9333333333333333,0.8517892472861209
331,5,27,27,PLACE_AT_10,10,331,0.5123333333333333,0.7208629069852599,0.25833333333333336,0.2703495335579984,0.041666666666666664,0.13860577308427238,0.475,0.41411022401879993,0.43333333333333335,0.4263129861774706
331,6,30,174,PLACE_AT_1,1,331,2.1417777777777776,2.2501572734193807,0.48333333333333334,0.4310876136562118,0.25833333333333336,0.1855032174580354,0.5083333333333333,0.4611881836571275,0.9583333333333334,0.9256982377251843
331,6,30,174,PLACE_AT_2,2,331,1.9336666666666664,2.0161049099020203,0.4083333333333333,0.4306465620743301,0.275,0.20400251799768093,0.49166666666666664,0.4410622461380334,0.9666666666666667,0.9468389128628973
331,6,30,174,PLACE_AT_3,3,331,1.8398888888888887,1.7874807148867693,0.4166666666666667,0.4363373873469913,0.26666666666666666,0.20819168390765025,0.475,0.4624958706186037,0.9333333333333333,0.9336376443767954
331,6,30,174,PLACE_AT_5,5,331,1.4385555555555556,1.5060083577637062,0.35833333333333334,0.39953444763433643,0.24166666666666667,0.2025312985206598,0.55,0.4962780351521515,0.9333333333333333,0.9376855231234501
331,6,30,174,PLACE_AT_10,10,331,0.5123333333333333,0.5447760297511937,0.25833333333333336,0.2981128582470037,0.041666666666666664,0.11361405706238212,0.475,0.43905021103842157,0.43333333333333335,0.4456314735083084
331,7,35,147,PLACE_AT_1,1,331,2.1417777777777776,1.8481002397113888,0.48333333333333334,0.3870299359026893,0.25833333333333336,0.2920518165835016,0.5083333333333333,0.5598498050444994,0.9583333333333334,0.9658143292609259
331,7,35,147,PLACE_AT_2,2,331,1.9336666666666664,1.8095254440660478,0.4083333333333333,0.3859163214451232,0.275,0.33105201974982085,0.49166666666666664,0.5716253972737264,0.9666666666666667,0.9833099651953926
331,7,35,147,PLACE_AT_3,3,331,1.8398888888888887,2.1047041828128625,0.4166666666666667,0.38441845993199497,0.26666666666666666,0.25584419847624795,0.475,0.4841418146039885,0.9333333333333333,0.9207510759644534
331,7,35,147,PLACE_AT_5,5,331,1.4385555555555556,1.4567154265120212,0.35833333333333334,0.43667888579456926,0.24166666666666667,0.24528435079760216,0.55,0.5556221215917891,0.9333333333333333,0.8821164167489306
331,7,35,147,PLACE_AT_10,10,331,0.5123333333333333,0.7429294551998111,0.25833333333333336,0.34563883591527966,0.041666666666666664,0.20248593792249803,0.475,0.5554773806648358,0.43333333333333335,0.471900793791679
331,8,37,261,PLACE_AT_1,1,331,2.1417777777777776,2.503181951073267,0.48333333333333334,0.3724237197249933,0.25833333333333336,0.20387536337785314,0.5083333333333333,0.453599880381925,0.9583333333333334,0.9174369385313534
331,8,37,261,PLACE_AT_2,2,331,1.9336666666666664,2.247921022730926,0.4083333333333333,0.36345291680125147,0.275,0.2298550716690245,0.49166666666666664,0.4294408644376211,0.9666666666666667,0.9525677787551472
331,8,37,261,PLACE_AT_3,3,331,1.8398888888888887,1.8763003986363516,0.4166666666666667,0.39076096711255165,0.26666666666666666,0.2609276127108277,0.475,0.47539297440673495,0.9333333333333333,0.95174629035857
331,8,37,261,PLACE_AT_5,5,331,1.4385555555555556,1.4841439422497174,0.35833333333333334,0.2931670577825175,0.24166666666666667,0.2620903048855284,0.55,0.5275018917454868,0.9333333333333333,0.9580547534155115
331,8,37,261,PLACE_AT_10,10,331,0.5123333333333333,0.43245393540367694,0.25833333333333336,0.27740626049001893,0.041666666666666664,0.12131337868133268,0.475,0.41980538186582594,0.43333333333333335,0.431362708946251
337,1,2,34,PLACE_AT_1,1,337,2.1417777777777776,1.7631328579048566,0.48333333333333334,0.40721755906058926,0.25833333333333336,0.21972026435454656,0.5083333333333333,0.5698807489825881,0.9583333333333334,0.948026843318157
337,1,2,34,PLACE_AT_2,2,337,1.9336666666666664,1.555876511767412,0.4083333333333333,0.42944832881840156,0.275,0.25953211767760814,0.49166666666666664,0.5924416480214724,0.9666666666666667,0.973112467786056
337,1,2,34,PLACE_AT_3,3,337,1.8398888888888887,1.5091524882757994,0.4166666666666667,0.41801446948639226,0.26666666666666666,0.29697062432994414,0.475,0.5621159335676311,0.9333333333333333,0.9400908439111599
337,1,2,34,PLACE_AT_5,5,337,1.4385555555555556,1.2117974996992937,0.35833333333333334,0.32434950408286944,0.24166666666666667,0.23927558260035886,0.55,0.5837149201863798,0.9333333333333333,0.9901478148310644
337,1,2,34,PLACE_AT_10,10,337,0.5123333333333333,0.22460130387565247,0.25833333333333336,0.3863606106626499,0.041666666666666664,0.12434284237501007,0.475,0.571839646149544,0.43333333333333335,0.4981764540933978
337,2,16,72,PLACE_AT_1,1,337,2.1417777777777776,2.2088851558253397,0.48333333333333334,0.4159814448274771,0.25833333333333336,0.20927068553799438,0.5083333333333333,0.47715017448870045,0.9583333333333334,0.9368333744549794
337,2,16,72,PLACE_AT_2,2,337,1.9336666666666664,2.022711291711067,0.4083333333333333,0.4125457199878478,0.275,0.2314671603731827,0.49166666666666664,0.461266246907149,0.9666666666666667,0.9587803034801098
337,2,16,72,PLACE_AT_3,3,337,1.8398888888888887,1.9048596535931248,0.4166666666666667,0.4198060611610926,0.26666666666666666,0.21754515145725117,0.475,0.46056622734684993,0.9333333333333333,0.9317246110630976
337,2,16,72,PLACE_AT_5,5,337,1.4385555555555556,1.5170635873494436,0.35833333333333334,0.4061263033329373,0.24166666666666667,0.2152319215973947,0.55,0.5071305313879856,0.9333333333333333,0.916316228058896
337,2,16,72,PLACE_AT_10,10,337,0.5123333333333333,0.616059095956929,0.25833333333333336,0.3010717471932425,0.041666666666666664,0.1330346573908249,0.475,0.4564230974278936,0.43333333333333335,0.4466859968566331
337,3,17,161,PLACE_AT_1,1,337,2.1417777777777776,1.777544678339978,0.48333333333333334,0.45149717048614185,0.25833333333333336,0.22339558112876537,0.5083333333333333,0.5336015706531125,0.9583333333333334,0.955707036833549
337,3,17,161,PLACE_AT_2,2,337,1.9336666666666664,1.6588639318753104,0.4083333333333333,0.46169759739408905,0.275,0.24850085766725233,0.49166666666666664,0.5395597725829898,0.9666666666666667,0.9703375057521892
337,3,17,161,PLACE_AT_3,3,337,1.8398888888888887,1.8245698089905462,0.4166666666666667,0.44319438758672053,0.26666666666666666,0.20569527392950104,0.475,0.4802055312583718,0.9333333333333333,0.9097563835740738
337,3,17,161,PLACE_AT_5,5,337,1.4385555555555556,1.4483097889992635,0.35833333333333334,0.4933449034842865,0.24166666666666667,0.18659642038773183,0.55,0.516243735311647,0.9333333333333333,0.91529514672686
337,3,17,161,PLACE_AT_10,10,337,0.5123333333333333,0.6716872007494299,0.25833333333333336,0.35309395752935036,0.041666666666666664,0.14635150540959904,0.475,0.5333182036916393,0.43333333333333335,0.47843549847967703
337,4,25,161,PLACE_AT_1,1,337,2.1417777777777776,2.492352415553232,0.48333333333333334,0.38344983403123795,0.25833333333333336,0.19342604722195428,0.5083333333333333,0.44868182685859864,0.9583333333333334,0.913502271403042
337,4,25,161,PLACE_AT_2,2,337,1.9336666666666664,2.2220901471353365,0.4083333333333333,0.37628262568609094,0.275,0.21714832872357068,0.49166666666666664,0.4234626355332073,0.9666666666666667,0.947454478670049
337,4,25,161,PLACE_AT_3,3,337,1.8398888888888887,1.8252696641682409,0.4166666666666667,0.4010982326025595,0.26666666666666666,0.2514338517289047,0.475,0.47477914486498424,0.9333333333333333,0.9506655488946758
337,4,25,161,PLACE_AT_5,5,337,1.4385555555555556,1.4823975617880585,0.35833333333333334,0.30110859768877035,0.24166666666666667,0.25037422599303377,0.55,0.5204677786646853,0.9333333333333333,0.9608402391639637
337,4,25,161,PLACE_AT_10,10,337,0.5123333333333333,0.418292682243923,0.25833333333333336,0.2784456777843137,0.041666666666666664,0.11384801529111237,0.475,0.41561818217246527,0.43333333333333335,0.43242706990077345
337,5,27,235,PLACE_AT_1,1,337,2.1417777777777776,1.7285629031363512,0.48333333333333334,0.47261878688283954,0.25833333333333336,0.18231598251413,0.5083333333333333,0.5335917000253504,0.9583333333333334,0.9426704270901434
337,5,27,235,PLACE_AT_2,2,337,1.9336666666666664,1.510131697769347,0.4083333333333333,0.496763635143866,0.275,0.205882755751236,0.49166666666666664,0.5438954393268515,0.9666666666666667,0.9584382712315073
337,5,27,235,PLACE_AT_3,3,337,1.8398888888888887,1.4771492792095657,0.4166666666666667,0.4704966447476444,0.26666666666666666,0.2153453107023647,0.475,0.5189432205921988,0.9333333333333333,0.9200783641491669
337,5,27,235,PLACE_AT_5,5,337,1.4385555555555556,1.3237225208769856,0.35833333333333334,0.4412140604754733,0.24166666666666667,0.17587875716231155,0.55,0.5240278623443215,0.9333333333333333,0.9771983818368264
337,5,27,235,PLACE_AT_10,10,337,0.5123333333333333,0.39638507571222314,0.25833333333333336,0.37420929052843016,0.041666666666666664,0.10669473011747099,0.475,0.5369622055742719,0.43333333333333335,0.49241311045918806
337,6,30,30,PLACE_AT_1,1,337,2.1417777777777776,1.71776383975867,0.48333333333333334,0.4554022795228786,0.25833333333333336,0.20210577695764867,0.5083333333333333,0.5454134185971211,0.9583333333333334,0.9491485558345301
337,6,30,30,PLACE_AT_2,2,337,1.9336666666666664,1.5350165937909206,0.4083333333333333,0.4762721619124714,0.275,0.22959756801176942,0.49166666666666664,0.5587053685156435,0.9666666666666667,0.9663444703410711
337,6,30,30,PLACE_AT_3,3,337,1.8398888888888887,1.5766061395853581,0.4166666666666667,0.4533815507677935,0.26666666666666666,0.22719338952836304,0.475,0.5185249623090485,0.9333333333333333,0.9204359483219632
337,6,30,30,PLACE_AT_5,5,337,1.4385555555555556,1.3305192070977654,0.35833333333333334,0.43660013926932456,0.24166666666666667,0.18910911430747876,0.55,0.535143412078928,0.9333333333333333,0.9719259801554418
337,6,30,30,PLACE_AT_10,10,337,0.5123333333333333,0.4426463342958342,0.25833333333333336,0.37478244775459524,0.041666666666666664,0.12156006116318191,0.475,0.5489566062378957,0.43333333333333335,0.4920164895664992
337,7,34,34,PLACE_AT_1,1,337,2.1417777777777776,1.858758990010535,0.48333333333333334,0.43050363644103795,0.25833333333333336,0.2031806673319164,0.5083333333333333,0.5360940945301323,0.9583333333333334,0.9431579074623382
337,7,34,34,PLACE_AT_2,2,337,1.9336666666666664,1.6487961904898492,0.4083333333333333,0.44768156676194865,0.275,0.2332114559342049,0.49166666666666664,0.5458578907739169,0.9666666666666667,0.9652739766606063
337,7,34,34,PLACE_AT_3,3,337,1.8398888888888887,1.580389924520848,0.4166666666666667,0.43591023108999516,0.26666666666666666,0.25048616111848726,0.475,0.5256666511776269,0.9333333333333333,0.9326430471619757
337,7,34,34,PLACE_AT_5,5,337,1.4385555555555556,1.3157396025359587,0.35833333333333334,0.3772767195363032,0.24166666666666667,0.21173216905660258,0.55,0.5469483082239038,0.9333333333333333,0.9794389825861741
337,7,34,34,PLACE_AT_10,10,337,0.5123333333333333,0.3616976118718609,0.25833333333333336,0.3618729728493468,0.041666666666666664,0.11889670539544209,0.475,0.5331429940492027,0.43333333333333335,0.4843964385984958
337,8,45,269,PLACE_AT_1,1,337,2.1417777777777776,2.2380827818686773,0.48333333333333334,0.44398946507699566,0.25833333333333336,0.17466444301881875,0.5083333333333333,0.4556707328053179,0.9583333333333334,0.9216881215158995
337,8,45,269,PLACE_AT_2,2,337,1.9336666666666664,1.9872457036826625,0.4083333333333333,0.4457953375715282,0.275,0.19102525804672055,0.49166666666666664,0.4343310671830976,0.9666666666666667,0.940434993538774
337,8,45,269,PLACE_AT_3,3,337,1.8398888888888887,1.7304088712299859,0.4166666666666667,0.4482564974819919,0.26666666666666666,0.1991600121578287,0.475,0.46181347795060823,0.9333333333333333,0.9320087215792509
337,8,45,269,PLACE_AT_5,5,337,1.4385555555555556,1.5040512960445276,0.35833333333333334,0.4097641351827449,0.24166666666666667,0.19165752098258604,0.55,0.48839795396126956,0.9333333333333333,0.9422095193650417
337,8,45,269,PLACE_AT_10,10,337,0.5123333333333333,0.5289166636075657,0.25833333333333336,0.29932326007118787,0.041666666666666664,0.10575577733659147,0.475,0.43430992935513374,0.43333333333333335,0.4468283397922225
347,1,21,229,PLACE_AT_1,1,347,2.088444444444444,2.2630236547441602,0.475,0.37252668652218285,0.225,0.16327875764180674,0.475,0.3877741092023613,0.9583333333333334,0.9051663075778482
347,1,21,229,PLACE_AT_2,2,347,1.8201111111111108,2.1129378301611834,0.425,0.41138776788594383,0.25833333333333336,0.19588925497764423,0.5083333333333333,0.40423054156567484,0.9666666666666667,0.9422955124249867
347,1,21,229,PLACE_AT_3,3,347,1.7028888888888887,1.758454452786036,0.4666666666666667,0.3705737841967056,0.225,0.20294858157205742,0.49166666666666664,0.38673729958202074,0.9416666666666667,0.9599230317555908
347,1,21,229,PLACE_AT_5,5,347,1.3186666666666664,1.4797538985328673,0.36666666666666664,0.29474106646171505,0.21666666666666667,0.21197855741421906,0.575,0.48534358569588565,0.9333333333333333,0.9566971415190669
347,1,21,229,PLACE_AT_10,10,347,0.4418888888888889,0.5768889523453751,0.275,0.2706881246685714,0.016666666666666666,0.1078028839508384,0.475,0.3701950497477004,0.425,0.4449794954568559
347,2,23,263,PLACE_AT_1,1,347,2.088444444444444,1.8766144119154815,0.475,0.4332931627922872,0.225,0.186185038958805,0.475,0.5247017731954573,0.9583333333333334,0.9474276328320179
347,2,23,263,PLACE_AT_2,2,347,1.8201111111111108,1.792653188614068,0.425,0.4537519440707104,0.25833333333333336,0.22046802749225314,0.5083333333333333,0.5250290747772589,0.9666666666666667,0.9699853457632898
347,2,23,263,PLACE_AT_3,3,347,1.7028888888888887,1.6848476560503052,0.4666666666666667,0.49629333724911445,0.225,0.20828731748625312,0.49166666666666664,0.505242296333295,0.9416666666666667,0.9515414334147074
347,2,23,263,PLACE_AT_5,5,347,1.3186666666666664,1.3759794179656035,0.36666666666666664,0.3851699925055243,0.21666666666666667,0.19269822619152302,0.575,0.5559083063622268,0.9333333333333333,0.9607171035392791
347,2,23,263,PLACE_AT_10,10,347,0.4418888888888889,0.5008566584768777,0.275,0.37213592508631643,0.016666666666666666,0.11508879437106537,0.475,0.5384466476488882,0.425,0.4537658750982241
347,3,24,168,PLACE_AT_1,1,347,2.088444444444444,1.5662865925401013,0.475,0.4262703589612684,0.225,0.23630159020558586,0.475,0.563500702196585,0.9583333333333334,0.9575735553827417
347,3,24,168,PLACE_AT_2,2,347,1.8201111111111108,1.576113954171079,0.425,0.34942999943648423,0.25833333333333336,0.2658828043142087,0.5083333333333333,0.5705891006111304,0.9666666666666667,0.9752129426268359
347,3,24,168,PLACE_AT_3,3,347,1.7028888888888887,1.7615838981935386,0.4666666666666667,0.4072916872789765,0.225,0.2067631571150332,0.49166666666666664,0.5948155251005838,0.9416666666666667,0.8948364056293301
347,3,24,168,PLACE_AT_5,5,347,1.3186666666666664,1.1961700504388557,0.36666666666666664,0.5066565205878828,0.21666666666666667,0.21693157895069132,0.575,0.5837409207918066,0.9333333333333333,0.8156627540764678
347,3,24,168,PLACE_AT_10,10,347,0.4418888888888889,0.6681046570434459,0.275,0.3142508452266208,0.016666666666666666,0.12268016522759269,0.475,0.4825107228155157,0.425,0.4446719246206823
347,4,28,52,PLACE_AT_1,1,347,2.088444444444444,1.8038257291207718,0.475,0.42457527809767226,0.225,0.17680542668376845,0.475,0.4612817618487001,0.9583333333333334,0.9192843227363963
347,4,28,52,PLACE_AT_2,2,347,1.8201111111111108,1.6812640883280026,0.425,0.40623711680221986,0.25833333333333336,0.2016988632143426,0.5083333333333333,0.4822584303570104,0.9666666666666667,0.9372275786788121
347,4,28,52,PLACE_AT_3,3,347,1.7028888888888887,1.5290186578973781,0.4666666666666667,0.4013646542246244,0.225,0.1833726773720934,0.49166666666666664,0.4891463209051954,0.9416666666666667,0.9079226344604935
347,4,28,52,PLACE_AT_5,5,347,1.3186666666666664,1.2137913073581819,0.36666666666666664,0.4347374773337718,0.21666666666666667,0.1958069638670223,0.575,0.5275933371443846,0.9333333333333333,0.9113838491164038
347,4,28,52,PLACE_AT_10,10,347,0.4418888888888889,0.588794833457974,0.275,0.2852457035817998,0.016666666666666666,0.10295231514101916,0.475,0.4073650858416227,0.425,0.4463610619110596
347,5,37,213,PLACE_AT_1,1,347,2.088444444444444,1.8993855012394218,0.475,0.41611836618182557,0.225,0.21967848354192893,0.475,0.5704251482949145,0.9583333333333334,0.9651696625219189
347,5,37,213,PLACE_AT_2,2,347,1.8201111111111108,1.8951543321757767,0.425,0.42303415712201886,0.25833333333333336,0.26285145644705193,0.5083333333333333,0.5582043992723306,0.9666666666666667,0.985558918031657
347,5,37,213,PLACE_AT_3,3,347,1.7028888888888887,1.9363285994977708,0.4666666666666667,0.49989055052213255,0.225,0.23597708532289657,0.49166666666666664,0.537847980057139,0.9416666666666667,0.9639820050604154
347,5,37,213,PLACE_AT_5,5,347,1.3186666666666664,1.4805939445527627,0.36666666666666664,0.37104429223690577,0.21666666666666667,0.21153338866185462,0.575,0.5800782994399651,0.9333333333333333,0.9541480547917732
347,5,37,213,PLACE_AT_10,10,347,0.4418888888888889,0.5370733120739859,0.275,0.3980841527207535,0.016666666666666666,0.13248569499143895,0.475,0.5881235257325587,0.425,0.45305448319834357
347,6,38,62,PLACE_AT_1,1,347,2.088444444444444,2.1222965184425817,0.475,0.40950057548945534,0.225,0.1839619457013202,0.475,0.5109383178408126,0.9583333333333334,0.9514259295945583
347,6,38,62,PLACE_AT_2,2,347,1.8201111111111108,2.041678699527368,0.425,0.4697356445729086,0.25833333333333336,0.2258231576444837,0.5083333333333333,0.5021791506496874,0.9666666666666667,0.9781980396899755
347,6,38,62,PLACE_AT_3,3,347,1.7028888888888887,1.8586646373051543,0.4666666666666667,0.5110983404187387,0.225,0.22867416222652373,0.49166666666666664,0.4618533926701713,0.9416666666666667,0.9744091462944662
347,6,38,62,PLACE_AT_5,5,347,1.3186666666666664,1.561172059561042,0.36666666666666664,0.3036930374254883,0.21666666666666667,0.2003379921288341,0.575,0.5459735031753248,0.9333333333333333,0.9787348591708691
347,6,38,62,PLACE_AT_10,10,347,0.4418888888888889,0.4694794431051601,0.275,0.39473173304125564,0.016666666666666666,0.12275486268121054,0.475,0.5637419744817709,0.425,0.455390909278212
347,7,40,312,PLACE_AT_1,1,347,2.088444444444444,1.7854306459775697,0.475,0.41964600919809897,0.225,0.19927645756576828,0.475,0.5049922195816203,0.9583333333333334,0.9413958497602568
347,7,40,312,PLACE_AT_2,2,347,1.8201111111111108,1.7204053785034281,0.425,0.392621318676982,0.25833333333333336,0.22928372326263471,0.5083333333333333,0.5157882728343437,0.9666666666666667,0.9630944077010798
347,7,40,312,PLACE_AT_3,3,347,1.7028888888888887,1.6859617350008063,0.4666666666666667,0.4178736305638357,0.225,0.2003013218906649,0.49166666666666664,0.5212080206394667,0.9416666666666667,0.9232970273242712
347,7,40,312,PLACE_AT_5,5,347,1.3186666666666664,1.2755737171912362,0.36666666666666664,0.43283858621830035,0.21666666666666667,0.20578764759191193,0.575,0.5503367274830635,0.9333333333333333,0.9060200227776928
347,7,40,312,PLACE_AT_10,10,347,0.4418888888888889,0.6018915472980395,0.275,0.31127258212861264,0.016666666666666666,0.11376781507443337,0.475,0.45808437889653664,0.425,0.4469495046322283
347,8,42,34,PLACE_AT_1,1,347,2.088444444444444,1.7357229639972922,0.475,0.4810608867316376,0.225,0.1611325635503231,0.475,0.5422539436915268,0.9583333333333334,0.9407829805287293
347,8,42,34,PLACE_AT_2,2,347,1.8201111111111108,1.5918645624129943,0.425,0.5264678085674293,0.25833333333333336,0.1896269119493795,0.5083333333333333,0.5442991634909927,0.9666666666666667,0.9566295801605992
347,8,42,34,PLACE_AT_3,3,347,1.7028888888888887,1.40632957138528,0.4666666666666667,0.5748825491906424,0.225,0.18824841696758113,0.49166666666666664,0.5147635021232556,0.9416666666666667,0.9418651919222015
347,8,42,34,PLACE_AT_5,5,347,1.3186666666666664,1.2707357260656238,0.36666666666666664,0.4195837442628199,0.21666666666666667,0.16406185898073639,0.575,0.5619847706911005,0.9333333333333333,0.9773555494150363
347,8,42,34,PLACE_AT_10,10,347,0.4418888888888889,0.39475116044855074,0.275,0.4164608906219285,0.016666666666666666,0.10302520522137451,0.475,0.5879234718204515,0.425,0.4606911999466713
349,1,2,98,PLACE_AT_1,1,349,2.2304444444444447,2.3511408448779028,0.4666666666666667,0.388946369062523,0.21666666666666667,0.17734651371969087,0.475,0.4690234469059836,0.9583333333333334,0.9374029044154982
349,1,2,98,PLACE_AT_2,2,349,2.028888888888889,2.136182562120446,0.4083333333333333,0.38318375519850423,0.25833333333333336,0.22950896939598242,0.475,0.4564186613264834,0.9666666666666667,0.964445199661906
349,1,2,98,PLACE_AT_3,3,349,1.8246666666666667,1.9114435609942886,0.4166666666666667,0.39641610498055285,0.23333333333333334,0.2198405431264737,0.475,0.4612996076906757,0.9333333333333333,0.9407857464957561
349,1,2,98,PLACE_AT_5,5,349,1.3641111111111113,1.4260524190837982,0.35833333333333334,0.36203009504464656,0.20833333333333334,0.20963547618628148,0.5416666666666666,0.5125389878085186,0.9416666666666667,0.9372833002929445
349,1,2,98,PLACE_AT_10,10,349,0.4393333333333333,0.5280717786970597,0.26666666666666666,0.30492051926503666,0.025,0.06941609699786522,0.475,0.4584606462445226,0.4666666666666667,0.4820371100998624
349,2,7,295,PLACE_AT_1,1,349,2.2304444444444447,2.412359536212245,0.4666666666666667,0.3862775601878597,0.21666666666666667,0.11302401398677059,0.475,0.4675640291795243,0.9583333333333334,0.9127469192995513
349,2,7,295,PLACE_AT_2,2,349,2.028888888888889,2.110122131789725,0.4083333333333333,0.38155250284532005,0.25833333333333336,0.15624379381922182,0.475,0.43655369112498016,0.9666666666666667,0.9502387441823484
349,2,7,295,PLACE_AT_3,3,349,1.8246666666666667,1.7379151624468583,0.4166666666666667,0.4071136550986418,0.23333333333333334,0.1657682758282043,0.475,0.4270156891861058,0.9333333333333333,0.9100846480301781
349,2,7,295,PLACE_AT_5,5,349,1.3641111111111113,1.3008013928583533,0.35833333333333334,0.3588304736396943,0.20833333333333334,0.1710196476517424,0.5416666666666666,0.5305241283581126,0.9416666666666667,0.930183860041963
349,2,7,295,PLACE_AT_10,10,349,0.4393333333333333,0.5153218978991507,0.26666666666666666,0.27585929716048185,0.025,0.0429716333169422,0.475,0.4955271837026208,0.4666666666666667,0.5389267912953134
349,3,9,313,PLACE_AT_1,1,349,2.2304444444444447,2.3366211773076495,0.4666666666666667,0.3921000059902233,0.21666666666666667,0.16408549085505783,0.475,0.4881558465755306,0.9583333333333334,0.9383600578445511
349,3,9,313,PLACE_AT_2,2,349,2.028888888888889,2.074395563728563,0.4083333333333333,0.42274994783117525,0.25833333333333336,0.22662527400146304,0.475,0.466432299719224,0.9666666666666667,0.9714177377981711
349,3,9,313,PLACE_AT_3,3,349,1.8246666666666667,1.7783169321121677,0.4166666666666667,0.4197389604562598,0.23333333333333334,0.20897255427622113,0.475,0.4545956681670525,0.9333333333333333,0.9266165176900567
349,3,9,313,PLACE_AT_5,5,349,1.3641111111111113,1.257206726002932,0.35833333333333334,0.3470944926046323,0.20833333333333334,0.21043035668901017,0.5416666666666666,0.5344395177232196,0.9416666666666667,0.9674431030757449
349,3,9,313,PLACE_AT_10,10,349,0.4393333333333333,0.29716982492622734,0.26666666666666666,0.3241245981400986,0.025,0.0500542231722745,0.475,0.5181587026207133,0.4666666666666667,0.5172261515427657
349,4,20,124,PLACE_AT_1,1,349,2.2304444444444447,2.1944060166458734,0.4666666666666667,0.4011634148047597,0.21666666666666667,0.17514799127517802,0.475,0.4765937964698947,0.9583333333333334,0.9351006948905674
349,4,20,124,PLACE_AT_2,2,349,2.028888888888889,2.033584428711772,0.4083333333333333,0.3842633744090796,0.25833333333333336,0.21731775750039536,0.475,0.47173797392440703,0.9666666666666667,0.9553952965549463
349,4,20,124,PLACE_AT_3,3,349,1.8246666666666667,1.8348235708965333,0.4166666666666667,0.40191389327544685,0.23333333333333334,0.20977037823031666,0.475,0.4766275450865435,0.9333333333333333,0.9363619202211727
349,4,20,124,PLACE_AT_5,5,349,1.3641111111111113,1.4257209437387917,0.35833333333333334,0.3882081135202472,0.20833333333333334,0.184320652071352,0.5416666666666666,0.512279678532656,0.9416666666666667,0.9219837878054143
349,4,20,124,PLACE_AT_10,10,349,0.4393333333333333,0.5821623696261184,0.26666666666666666,0.3046020553547157,0.025,0.07333158303714081,0.475,0.4574687212595283,0.4666666666666667,0.48778350192288455
349,5,22,174,PLACE_AT_1,1,349,2.2304444444444447,2.213134150665607,0.4666666666666667,0.40117146534294357,0.21666666666666667,0.20778275310796268,0.475,0.4999942176831579,0.9583333333333334,0.9495904392288249
349,5,22,174,PLACE_AT_2,2,349,2.028888888888889,2.0160534888467305,0.4083333333333333,0.4392591174418821,0.25833333333333336,0.27508528471301397,0.475,0.4905957314581503,0.9666666666666667,0.9761293318871416
349,5,22,174,PLACE_AT_3,3,349,1.8246666666666667,1.7999756075637305,0.4166666666666667,0.4244005369150385,0.23333333333333334,0.23783036208116384,0.475,0.4817247368167822,0.9333333333333333,0.9368475223810105
349,5,22,174,PLACE_AT_5,5,349,1.3641111111111113,1.273901665175674,0.35833333333333334,0.35652533150358806,0.20833333333333334,0.22389102821901447,0.5416666666666666,0.531033981292657,0.9416666666666667,0.9733628624573651
349,5,22,174,PLACE_AT_10,10,349,0.4393333333333333,0.24755186821457498,0.26666666666666666,0.3512163433048283,0.025,0.06175034290842921,0.475,0.5162278122386208,0.4666666666666667,0.4971457903116114
349,6,24,136,PLACE_AT_1,1,349,2.2304444444444447,2.520812586044212,0.4666666666666667,0.3777190951014293,0.21666666666666667,0.11733518139222762,0.475,0.461323432741328,0.9583333333333334,0.9162448449051219
349,6,24,136,PLACE_AT_2,2,349,2.028888888888889,2.1871551407971515,0.4083333333333333,0.37889674651361965,0.25833333333333336,0.16635750452626383,0.475,0.4263702549631257,0.9666666666666667,0.9578275827296125
349,6,24,136,PLACE_AT_3,3,349,1.8246666666666667,1.8077382866977352,0.4166666666666667,0.4014764241870691,0.23333333333333334,0.17471336063951015,0.475,0.418459202944495,0.9333333333333333,0.9171064726692368
349,6,24,136,PLACE_AT_5,5,349,1.3641111111111113,1.3160365625358594,0.35833333333333334,0.3417726713487252,0.20833333333333334,0.18961019127282489,0.5416666666666666,0.5286752422030108,0.9416666666666667,0.9385619054011893
349,6,24,136,PLACE_AT_10,10,349,0.4393333333333333,0.48949951441159634,0.26666666666666666,0.2766023237905121,0.025,0.043047199739062306,0.475,0.49128858962782596,0.4666666666666667,0.5301998600922695
349,7,35,107,PLACE_AT_1,1,349,2.2304444444444447,2.0020031720114275,0.4666666666666667,0.4190410105427847,0.21666666666666667,0.10086151141504521,0.475,0.49020937557575694,0.9583333333333334,0.8999661912445001
349,7,35,107,PLACE_AT_2,2,349,2.028888888888889,1.824838028328596,0.4083333333333333,0.3896863064950123,0.25833333333333336,0.125361823807167,0.475,0.47578347284351846,0.9666666666666667,0.9091681646476427
349,7,35,107,PLACE_AT_3,3,349,1.8246666666666667,1.4909399897268263,0.4166666666666667,0.42676201347288956,0.23333333333333334,0.13787978290472197,0.475,0.4616622738808385,0.9333333333333333,0.882330204852314
349,7,35,107,PLACE_AT_5,5,349,1.3641111111111113,1.2585280579260858,0.35833333333333334,0.4269229568627518,0.20833333333333334,0.11513682454099936,0.5416666666666666,0.5354382619565853,0.9416666666666667,0.8855062439303896
349,7,35,107,PLACE_AT_10,10,349,0.4393333333333333,0.6249158751930688,0.26666666666666666,0.273603687878376,0.025,0.044511582121127255,0.475,0.5065162060429185,0.4666666666666667,0.5668761530895472
349,8,41,273,PLACE_AT_1,1,349,2.2304444444444447,2.0661470139684397,0.4666666666666667,0.40901157093803503,0.21666666666666667,0.26686462674412903,0.475,0.48066987373462644,0.9583333333333334,0.9535236145060348
349,8,41,273,PLACE_AT_2,2,349,2.028888888888889,2.0194937680351495,0.4083333333333333,0.3851739655250357,0.25833333333333336,0.30578404710684826,0.475,0.49856421157194275,0.9666666666666667,0.9651232729449901
349,8,41,273,PLACE_AT_3,3,349,1.8246666666666667,1.9859668055523847,0.4166666666666667,0.39248816391691776,0.23333333333333334,0.2711257145906923,0.475,0.5190780717595832,0.9333333333333333,0.9580739813424419
349,8,41,273,PLACE_AT_5,5,349,1.3641111111111113,1.56010522260256,0.35833333333333334,0.40329817947113117,0.20833333333333334,0.2149562078979415,0.5416666666666666,0.49289334438115123,0.9416666666666667,0.921882256045267
349,8,41,273,PLACE_AT_10,10,349,0.4393333333333333,0.6252219246369166,0.26666666666666666,0.3355147117892878,0.025,0.12160438266451715,0.475,0.4174898641842134,0.4666666666666667,0.43075263830218635
353,1,8,176,PLACE_AT_1,1,353,2.1967777777777773,2.0518635627482387,0.48333333333333334,0.4567410467289464,0.23333333333333334,0.21445022946069256,0.5166666666666667,0.5388889462459117,0.9666666666666667,0.9572634193841111
353,1,8,176,PLACE_AT_2,2,353,1.9443333333333328,1.8665818025611765,0.43333333333333335,0.46582136599176655,0.25833333333333336,0.24080438568910398,0.5333333333333333,0.561825592359409,0.9666666666666667,0.9795539728041375
353,1,8,176,PLACE_AT_3,3,353,1.7783333333333329,1.7885576784580777,0.45,0.4842353412660617,0.24166666666666667,0.22099632027891797,0.5083333333333333,0.53471724722345,0.9416666666666667,0.9378381178523489
353,1,8,176,PLACE_AT_5,5,353,1.4636666666666662,1.5056787038740245,0.35833333333333334,0.4398052010439216,0.25,0.22748065004178894,0.5583333333333333,0.5248752081083409,0.925,0.9270910460137857
353,1,8,176,PLACE_AT_10,10,353,0.5104444444444443,0.5752378826153046,0.2833333333333333,0.37175293139759796,0.041666666666666664,0.09336114327861611,0.4583333333333333,0.49974012144587715,0.425,0.43726061620595497
353,2,19,243,PLACE_AT_1,1,353,2.1967777777777773,1.8515059185597913,0.48333333333333334,0.5002569744482886,0.23333333333333334,0.17481935697033898,0.5166666666666667,0.5477645908194869,0.9666666666666667,0.9487795844018038
353,2,19,243,PLACE_AT_2,2,353,1.9443333333333328,1.761810937791579,0.43333333333333335,0.5039082259418011,0.25833333333333336,0.18350126403315914,0.5333333333333333,0.563001886313836,0.9666666666666667,0.9715207367752434
353,2,19,243,PLACE_AT_3,3,353,1.7783333333333329,1.5574424910526399,0.45,0.5305777420730322,0.24166666666666667,0.16688972433276653,0.5083333333333333,0.5572985935035892,0.9416666666666667,0.9197622257844189
353,2,19,243,PLACE_AT_5,5,353,1.4636666666666662,1.5086724476826867,0.35833333333333334,0.5033660509326042,0.25,0.1814390163665643,0.5583333333333333,0.5295759564099615,0.925,0.9011413478754352
353,2,19,243,PLACE_AT_10,10,353,0.5104444444444443,0.6816077344462674,0.2833333333333333,0.3678075469375578,0.041666666666666664,0.07951627682737093,0.4583333333333333,0.49518898872376077,0.425,0.4544721019376649
353,3,21,293,PLACE_AT_1,1,353,2.1967777777777773,2.243723779839392,0.48333333333333334,0.4288893623148369,0.23333333333333334,0.18008880306382613,0.5166666666666667,0.49802497663302775,0.9666666666666667,0.9277229440025511
353,3,21,293,PLACE_AT_2,2,353,1.9443333333333328,2.034147487834535,0.43333333333333335,0.425752728652907,0.25833333333333336,0.19795073339126218,0.5333333333333333,0.49591095713261263,0.9666666666666667,0.9511021917346009
353,3,21,293,PLACE_AT_3,3,353,1.7783333333333329,1.7177337932183583,0.45,0.43989100922231844,0.24166666666666667,0.19003089155084613,0.5083333333333333,0.5022126553940165,0.9416666666666667,0.9335832097793384
353,3,21,293,PLACE_AT_5,5,353,1.4636666666666662,1.574732842971794,0.35833333333333334,0.40366398740276094,0.25,0.2278952132420578,0.5583333333333333,0.5274527507946767,0.925,0.886907136449528
353,3,21,293,PLACE_AT_10,10,353,0.5104444444444443,0.6692628291708604,0.2833333333333333,0.30319282960313454,0.041666666666666664,0.07663133999934589,0.4583333333333333,0.44078733850119617,0.425,0.4592380218607733
353,4,26,18,PLACE_AT_1,1,353,2.1967777777777773,2.495957836963503,0.48333333333333334,0.34569604814859406,0.23333333333333334,0.22013185349047887,0.5166666666666667,0.4781502683188058,0.9666666666666667,0.9352977681270038
353,4,26,18,PLACE_AT_2,2,353,1.9443333333333328,2.109794281661003,0.43333333333333335,0.355297856144838,0.25833333333333336,0.28727294421441907,0.5333333333333333,0.47637651963338223,0.9666666666666667,0.9532517281183044
353,4,26,18,PLACE_AT_3,3,353,1.7783333333333329,1.8888554573368443,0.45,0.35006303561620083,0.24166666666666667,0.28195949581453805,0.5083333333333333,0.4668998542190205,0.9416666666666667,0.9570182805944346
353,4,26,18,PLACE_AT_5,5,353,1.4636666666666662,1.4120515587319606,0.35833333333333334,0.2789258654694617,0.25,0.2754539091066622,0.5583333333333333,0.559794271001665,0.925,0.9589355498553783
353,4,26,18,PLACE_AT_10,10,353,0.5104444444444443,0.37588262840008113,0.2833333333333333,0.2957292428429438,0.041666666666666664,0.07619625956408291,0.4583333333333333,0.457008618215947,0.425,0.4588142721909431
353,5,27,43,PLACE_AT_1,1,353,2.1967777777777773,3.143266388656054,0.48333333333333334,0.30173658574511686,0.23333333333333334,0.3403866125979202,0.5166666666666667,0.4435114921356776,0.9666666666666667,0.9509251424117617
353,5,27,43,PLACE_AT_2,2,353,1.9443333333333328,2.639410572599419,0.43333333333333335,0.2994033608339089,0.25833333333333336,0.398318860018979,0.5333333333333333,0.46224626342749137,0.9666666666666667,0.9822715264409925
353,5,27,43,PLACE_AT_3,3,353,1.7783333333333329,2.682758766973547,0.45,0.2946369899008326,0.24166666666666667,0.3944651306099427,0.5083333333333333,0.40177651501764217,0.9416666666666667,0.9689202332755567
353,5,27,43,PLACE_AT_5,5,353,1.4636666666666662,1.8447411638565319,0.35833333333333334,0.2456709630877155,0.25,0.4948350550158424,0.5583333333333333,0.45796275510523726,0.925,0.8747463017345448
353,5,27,43,PLACE_AT_10,10,353,0.5104444444444443,0.5784129040005135,0.2833333333333333,0.28019262742929607,0.041666666666666664,0.15481083882469351,0.4583333333333333,0.394927734595196,0.425,0.38490119097256287
353,6,31,247,PLACE_AT_1,1,353,2.1967777777777773,2.187306870091286,0.48333333333333334,0.37331127561378874,0.23333333333333334,0.2253355390747324,0.5166666666666667,0.5187866399409841,0.9666666666666667,0.9546109646536259
353,6,31,247,PLACE_AT_2,2,353,1.9443333333333328,1.83995062027239,0.43333333333333335,0.39687580357260877,0.25833333333333336,0.30850221891519947,0.5333333333333333,0.531700236194614,0.9666666666666667,0.9698932102633909
353,6,31,247,PLACE_AT_3,3,353,1.7783333333333329,1.7455932113677304,0.45,0.3931905091444562,0.24166666666666667,0.29257225682131016,0.5083333333333333,0.5081538337768235,0.9416666666666667,0.9569374231277997
353,6,31,247,PLACE_AT_5,5,353,1.4636666666666662,1.2306155064645083,0.35833333333333334,0.30504987332655575,0.25,0.23077284745463272,0.5583333333333333,0.586566521642298,0.925,0.9807774739964553
353,6,31,247,PLACE_AT_10,10,353,0.5104444444444443,0.22694377937670085,0.2833333333333333,0.35337043952517905,0.041666666666666664,0.07339467674502223,0.4583333333333333,0.5222611513057729,0.425,0.46123357788835095
353,7,39,303,PLACE_AT_1,1,353,2.1967777777777773,2.3013091651477247,0.48333333333333334,0.42580001459002415,0.23333333333333334,0.22209368232839008,0.5166666666666667,0.5104090320219863,0.9666666666666667,0.9485992258543777
353,7,39,303,PLACE_AT_2,2,353,1.9443333333333328,2.064897730827776,0.43333333333333335,0.4273346901947886,0.25833333333333336,0.24559241055294934,0.5333333333333333,0.5259076315054559,0.9666666666666667,0.9747882231302127
353,7,39,303,PLACE_AT_3,3,353,1.7783333333333329,1.9370325387648357,0.45,0.4419420087791106,0.24166666666666667,0.23136125670708665,0.5083333333333333,0.5022632050878825,0.9416666666666667,0.94210256475889
353,7,39,303,PLACE_AT_5,5,353,1.4636666666666662,1.6167495727566337,0.35833333333333334,0.40240895527213655,0.25,0.2689173383011751,0.5583333333333333,0.5071866121664048,0.925,0.8954000153126223
353,7,39,303,PLACE_AT_10,10,353,0.5104444444444443,0.6386658558212621,0.2833333333333333,0.3339595187248787,0.041666666666666664,0.0990548379900096,0.4583333333333333,0.45947817640611893,0.425,0.43184388890324765
353,8,42,18,PLACE_AT_1,1,353,2.1967777777777773,2.1245829044553486,0.48333333333333334,0.43167247981967644,0.23333333333333334,0.20876431439965687,0.5166666666666667,0.525378942466299,0.9666666666666667,0.9512712282928657
353,8,42,18,PLACE_AT_2,2,353,1.9443333333333328,1.8979211398108544,0.43333333333333335,0.44140397425645306,0.25833333333333336,0.24450105120563165,0.5333333333333333,0.5406076887153337,0.9666666666666667,0.9729152878282479
353,8,42,18,PLACE_AT_3,3,353,1.7783333333333329,1.763408397167452,0.45,0.45387208183006783,0.24166666666666667,0.22823852624014346,0.5083333333333333,0.5216178669190586,0.9416666666666667,0.9418123032791875
353,8,42,18,PLACE_AT_5,5,353,1.4636666666666662,1.4600044707322568,0.35833333333333334,0.4003697021392758,0.25,0.2283222035786335,0.5583333333333333,0.5392590163994256,0.925,0.9395642857690969
353,8,42,18,PLACE_AT_10,10,353,0.5104444444444443,0.5188205207680496,0.2833333333333333,0.3519246919606855,0.041666666666666664,0.08476607371788931,0.4583333333333333,0.4915914619954177,0.425,0.44742131523608203
359,1,0,32,PLACE_AT_1,1,359,2.2317777777777774,1.885993928750229,0.4666666666666667,0.49419811661239943,0.20833333333333334,0.19853466164000413,0.48333333333333334,0.5141561921512422,0.95,0.9273531189871236
359,1,0,32,PLACE_AT_2,2,359,2.0253333333333328,1.823788610827188,0.43333333333333335,0.4598364470591604,0.25833333333333336,0.21897794140576488,0.48333333333333334,0.5352358242677275,0.9666666666666667,0.9178825340404363
359,1,0,32,PLACE_AT_3,3,359,1.8816666666666664,1.6669611987308337,0.43333333333333335,0.47208346543324614,0.23333333333333334,0.2033277556057714,0.475,0.5174085688028699,0.9416666666666667,0.941704165352887
359,1,0,32,PLACE_AT_5,5,359,1.5029999999999997,1.5248635312365284,0.35,0.5102512573377223,0.23333333333333334,0.22167451452662668,0.55,0.5509407204300699,0.925,0.8960375262261944
359,1,0,32,PLACE_AT_10,10,359,0.519111111111111,0.7279617624030044,0.225,0.2230415246599598,0.041666666666666664,0.1278820433252296,0.475,0.4921115150833532,0.43333333333333335,0.5298063363453331
359,2,9,225,PLACE_AT_1,1,359,2.2317777777777774,2.2119804977086543,0.4666666666666667,0.3497785158710645,0.20833333333333334,0.22420568858434278,0.48333333333333334,0.5024776503698503,0.95,0.9538717993146522
359,2,9,225,PLACE_AT_2,2,359,2.0253333333333328,2.0574634477248392,0.43333333333333335,0.37764276225524346,0.25833333333333336,0.2512695125119269,0.48333333333333334,0.48445404598652225,0.9666666666666667,0.9822961819733499
359,2,9,225,PLACE_AT_3,3,359,1.8816666666666664,2.059259322888641,0.43333333333333335,0.34803739570041475,0.23333333333333334,0.23458939177292235,0.475,0.5004802888529581,0.9416666666666667,0.9416675728350373
359,2,9,225,PLACE_AT_5,5,359,1.5029999999999997,1.5204360949210975,0.35,0.2995969815016473,0.23333333333333334,0.23469904552885273,0.55,0.5449795231375896,0.925,0.8998977403029342
359,2,9,225,PLACE_AT_10,10,359,0.519111111111111,0.594058743365967,0.225,0.20959574276440404,0.041666666666666664,0.15345058579294496,0.475,0.4686260943620134,0.43333333333333335,0.4523758140423721
359,3,27,155,PLACE_AT_1,1,359,2.2317777777777774,2.9449906541597413,0.4666666666666667,0.42931802838737926,0.20833333333333334,0.18487873597472454,0.48333333333333334,0.4056672479842893,0.95,0.8667220817102702
359,3,27,155,PLACE_AT_2,2,359,2.0253333333333328,2.527244509399402,0.43333333333333335,0.40600096239210914,0.25833333333333336,0.22809325224615287,0.48333333333333334,0.40201682595934335,0.9666666666666667,0.8902810896005742
359,3,27,155,PLACE_AT_3,3,359,1.8816666666666664,2.168674360842612,0.43333333333333335,0.39476114276277263,0.23333333333333334,0.2306632749521534,0.475,0.38654779851279686,0.9416666666666667,0.9304508365553669
359,3,27,155,PLACE_AT_5,5,359,1.5029999999999997,1.7281216348905204,0.35,0.32486713802464184,0.23333333333333334,0.2545008653259556,0.55,0.4453041122332428,0.925,0.9318566395382595
359,3,27,155,PLACE_AT_10,10,359,0.519111111111111,0.502723156421246,0.225,0.25092427370944703,0.041666666666666664,0.11277038213405635,0.475,0.41231376868894176,0.43333333333333335,0.37648105236119866
359,4,30,294,PLACE_AT_1,1,359,2.2317777777777774,1.6756376179648749,0.4666666666666667,0.4920261204075736,0.20833333333333334,0.16069781752485485,0.48333333333333334,0.5528888550985904,0.95,0.9603988052212861
359,4,30,294,PLACE_AT_2,2,359,2.0253333333333328,1.562051115483933,0.43333333333333335,0.5181387906185394,0.25833333333333336,0.19173077505797795,0.48333333333333334,0.5537616104542283,0.9666666666666667,0.9907841595047128
359,4,30,294,PLACE_AT_3,3,359,1.8816666666666664,1.4456990039503663,0.43333333333333335,0.5620617863599401,0.23333333333333334,0.17141223500589287,0.475,0.5373222769426367,0.9416666666666667,0.9510758436740444
359,4,30,294,PLACE_AT_5,5,359,1.5029999999999997,1.2463045707650668,0.35,0.4119954314821302,0.23333333333333334,0.14483397849984336,0.55,0.5725450146109874,0.925,0.9745106937885043
359,4,30,294,PLACE_AT_10,10,359,0.519111111111111,0.3534328886401419,0.225,0.3387136157033235,0.041666666666666664,0.10415674653150618,0.475,0.5633721942714993,0.43333333333333335,0.5161613198063939
359,5,31,135,PLACE_AT_1,1,359,2.2317777777777774,2.763041363758536,0.4666666666666667,0.28311986536911443,0.20833333333333334,0.26574992155081045,0.48333333333333334,0.4427480372875873,0.95,0.9312894707181186
359,5,31,135,PLACE_AT_2,2,359,2.0253333333333328,2.5172004780880837,0.43333333333333335,0.2969478359056806,0.25833333333333336,0.2921562188331941,0.48333333333333334,0.41697331735003385,0.9666666666666667,0.9526068305208817
359,5,31,135,PLACE_AT_3,3,359,1.8816666666666664,2.506059885564439,0.43333333333333335,0.23526431279976012,0.23333333333333334,0.28563368362869523,0.475,0.4461230145226642,0.9416666666666667,0.9310311794737014
359,5,31,135,PLACE_AT_5,5,359,1.5029999999999997,1.767087490370796,0.35,0.24343343866281528,0.23333333333333334,0.3236605966643202,0.55,0.5004376892443345,0.925,0.781260288690684
359,5,31,135,PLACE_AT_10,10,359,0.519111111111111,0.7471681210558958,0.225,0.15027528357991987,0.041666666666666664,0.18386455001762428,0.475,0.3895782244356302,0.43333333333333335,0.3920813659093551
359,6,34,210,PLACE_AT_1,1,359,2.2317777777777774,1.4416659169205794,0.4666666666666667,0.5777534692452219,0.20833333333333334,0.13915837122667468,0.48333333333333334,0.5688829765327165,0.95,0.9560331090304028
359,6,34,210,PLACE_AT_2,2,359,2.0253333333333328,1.3603798262980917,0.43333333333333335,0.5836385391816158,0.25833333333333336,0.16887153673128955,0.48333333333333334,0.5860303788163317,0.9666666666666667,0.9877839552524227
359,6,34,210,PLACE_AT_3,3,359,1.8816666666666664,1.1580622658291428,0.43333333333333335,0.6582535665004566,0.23333333333333334,0.14894043382548056,0.475,0.5504895233924397,0.9416666666666667,0.9534134213904447
359,6,34,210,PLACE_AT_5,5,359,1.5029999999999997,1.1705590271129314,0.35,0.5095781210168986,0.23333333333333334,0.1224216256591778,0.55,0.5802874847622762,0.925,0.9831914313002363
359,6,34,210,PLACE_AT_10,10,359,0.519111111111111,0.3173254626167654,0.225,0.3899301631547834,0.041666666666666664,0.08715119078756267,0.475,0.5960071153318081,0.43333333333333335,0.554710615782085
359,7,36,196,PLACE_AT_1,1,359,2.2317777777777774,2.02017653107655,0.4666666666666667,0.34166118482879465,0.20833333333333334,0.23671887641900988,0.48333333333333334,0.5246255593400847,0.95,0.9617990209718188
359,7,36,196,PLACE_AT_2,2,359,2.0253333333333328,1.943436023200353,0.43333333333333335,0.3722714703010866,0.25833333333333336,0.2573239300474884,0.48333333333333334,0.5078956226273785,0.9666666666666667,0.9848876405560288
359,7,36,196,PLACE_AT_3,3,359,1.8816666666666664,2.019538309249948,0.43333333333333335,0.3389868940613434,0.23333333333333334,0.23619731237776856,0.475,0.5291680008389166,0.9416666666666667,0.9433644297293158
359,7,36,196,PLACE_AT_5,5,359,1.5029999999999997,1.4925443696908234,0.35,0.31563033109197824,0.23333333333333334,0.23681190065697097,0.55,0.5683594967725,0.925,0.8765270938881977
359,7,36,196,PLACE_AT_10,10,359,0.519111111111111,0.6596977201392238,0.225,0.19321617726916626,0.041666666666666664,0.16579139345941318,0.475,0.47868376231488047,0.43333333333333335,0.4792466579159368
359,8,46,270,PLACE_AT_1,1,359,2.2317777777777774,2.8607711053400626,0.4666666666666667,0.4668079305299657,0.20833333333333334,0.17329062084524222,0.48333333333333334,0.41058141769299267,0.95,0.8591785400117269
359,8,46,270,PLACE_AT_2,2,359,2.0253333333333328,2.4502593869337588,0.43333333333333335,0.4342554477961488,0.25833333333333336,0.21611551746961508,0.48333333333333334,0.41375845482074575,0.9666666666666667,0.8762411732943015
359,8,46,270,PLACE_AT_3,3,359,1.8816666666666664,2.048348896217109,0.43333333333333335,0.43800295320244753,0.23333333333333334,0.21801156584876166,0.475,0.3896340559096977,0.9416666666666667,0.931697955325386
359,8,46,270,PLACE_AT_5,5,359,1.5029999999999997,1.6979280000850299,0.35,0.361595858367421,0.23333333333333334,0.23881315652055843,0.55,0.4466697920073273,0.925,0.9436780419383991
359,8,46,270,PLACE_AT_10,10,359,0.519111111111111,0.4815713152352399,0.225,0.27096756253972926,0.041666666666666664,0.10382819398816706,0.475,0.42550253051489695,0.43333333333333335,0.39005912672554416
367,1,0,88,PLACE_AT_1,1,367,2.1967777777777773,2.0725046125637614,0.48333333333333334,0.44228863842638577,0.23333333333333334,0.20523710442803592,0.5166666666666667,0.5308932040975045,0.9666666666666667,0.9522872468119638
367,1,0,88,PLACE_AT_2,2,367,1.9443333333333328,1.8656303850315499,0.43333333333333335,0.4521363563756092,0.25833333333333336,0.2378051854919902,0.5333333333333333,0.5473282625379099,0.9666666666666667,0.9738067012091015
367,1,0,88,PLACE_AT_3,3,367,1.7783333333333329,1.7331797340731319,0.45,0.4666422976872745,0.24166666666666667,0.22070130951827704,0.5083333333333333,0.5286677557365853,0.9416666666666667,0.9394261284191638
367,1,0,88,PLACE_AT_5,5,367,1.4636666666666662,1.4575054370728893,0.35833333333333334,0.4154744507867646,0.25,0.22024741841781129,0.5583333333333333,0.5389913181161093,0.925,0.9380587376770598
367,1,0,88,PLACE_AT_10,10,367,0.5104444444444443,0.5316383202206292,0.2833333333333333,0.3581125302473443,0.041666666666666664,0.08438462965583407,0.4583333333333333,0.49611018207644103,0.425,0.4478502812353358
367,2,4,164,PLACE_AT_1,1,367,2.1967777777777773,2.445175696702235,0.48333333333333334,0.4008190106696617,0.23333333333333334,0.2718934050314134,0.5166666666666667,0.5109519669425757,0.9666666666666667,0.9605669243900943
367,2,4,164,PLACE_AT_2,2,367,1.9443333333333328,2.1428448071258486,0.43333333333333335,0.40719365052818846,0.25833333333333336,0.3102522134067272,0.5333333333333333,0.5391550656567021,0.9666666666666667,0.9848575354086835
367,2,4,164,PLACE_AT_3,3,367,1.7783333333333329,2.1755440395111214,0.45,0.41747947823054904,0.24166666666666667,0.291443220068783,0.5083333333333333,0.48910596280301805,0.9416666666666667,0.9530893299223762
367,2,4,164,PLACE_AT_5,5,367,1.4636666666666662,1.6403761502385175,0.35833333333333334,0.3685409875149964,0.25,0.32505846886927503,0.5583333333333333,0.4937874428389486,0.925,0.9132109119851349
367,2,4,164,PLACE_AT_10,10,367,0.5104444444444443,0.5691805215262005,0.2833333333333333,0.3508374697648503,0.041666666666666664,0.1223788631969136,0.4583333333333333,0.4699759425576506,0.425,0.4089904301394395
367,3,16,32,PLACE_AT_1,1,367,2.1967777777777773,2.1608960113617335,0.48333333333333334,0.3751498887452794,0.23333333333333334,0.18976424541780043,0.5166666666666667,0.5060767850817717,0.9666666666666667,0.9384286548375431
367,3,16,32,PLACE_AT_2,2,367,1.9443333333333328,1.8355396583178738,0.43333333333333335,0.3937354740859701,0.25833333333333336,0.25993124981147764,0.5333333333333333,0.5037803233536173,0.9666666666666667,0.9472087596381233
367,3,16,32,PLACE_AT_3,3,367,1.7783333333333329,1.5787298455667007,0.45,0.3899707517703565,0.24166666666666667,0.25038694785019866,0.5083333333333333,0.5055413068636107,0.9416666666666667,0.951426166976084
367,3,16,32,PLACE_AT_5,5,367,1.4636666666666662,1.2151588611254565,0.35833333333333334,0.3062864852900819,0.25,0.20331943322445578,0.5583333333333333,0.5993888394610571,0.925,0.9776110596458917
367,3,16,32,PLACE_AT_10,10,367,0.5104444444444443,0.26950539061883516,0.2833333333333333,0.32350844626586933,0.041666666666666664,0.05972487687648219,0.4583333333333333,0.5016269802718052,0.425,0.4830740495270374
367,4,18,114,PLACE_AT_1,1,367,2.1967777777777773,2.405870046521355,0.48333333333333334,0.40184190394633834,0.23333333333333334,0.19572218862192398,0.5166666666666667,0.48405186986607196,0.9666666666666667,0.927067556381372
367,4,18,114,PLACE_AT_2,2,367,1.9443333333333328,2.142321625047429,0.43333333333333335,0.3981093785317087,0.25833333333333336,0.21959672714192574,0.5333333333333333,0.48148987431102735,0.9666666666666667,0.9523078346257866
367,4,18,114,PLACE_AT_3,3,367,1.7783333333333329,1.849261957272804,0.45,0.4076234190296944,0.24166666666666667,0.21340678164136584,0.5083333333333333,0.482032112473884,0.9416666666666667,0.9410442285736066
367,4,18,114,PLACE_AT_5,5,367,1.4636666666666662,1.6098189776549123,0.35833333333333334,0.367372714903292,0.25,0.26069146179058733,0.5583333333333333,0.5204941260807926,0.925,0.8859304754924565
367,4,18,114,PLACE_AT_10,10,367,0.5104444444444443,0.650747950892762,0.2833333333333333,0.291205537852485,0.041666666666666664,0.08233913414134209,0.4583333333333333,0.42796284665092654,0.425,0.4518904083570288
367,5,21,317,PLACE_AT_1,1,367,2.1967777777777773,2.6636435096575433,0.48333333333333334,0.32804615008543264,0.23333333333333334,0.18681985811019075,0.5166666666666667,0.4419844473730004,0.9666666666666667,0.8966284611376053
367,5,21,317,PLACE_AT_2,2,367,1.9443333333333328,2.2669844271435897,0.43333333333333335,0.3262424131924085,0.25833333333333336,0.23755451859296575,0.5333333333333333,0.4180391776840481,0.9666666666666667,0.9011585471344106
367,5,21,317,PLACE_AT_3,3,367,1.7783333333333329,1.8266017373408605,0.45,0.3193876163564836,0.24166666666666667,0.2426017386921478,0.5083333333333333,0.43897559535165415,0.9416666666666667,0.9529741428347648
367,5,21,317,PLACE_AT_5,5,367,1.4636666666666662,1.4964424741799238,0.35833333333333334,0.26038143420518,0.25,0.27564443909415093,0.5583333333333333,0.5575644719090357,0.925,0.9308642745419259
367,5,21,317,PLACE_AT_10,10,367,0.5104444444444443,0.48878262913979187,0.2833333333333333,0.2411375755833128,0.041666666666666664,0.0644438984968752,0.4583333333333333,0.40168254149822646,0.425,0.47749774601309
367,6,27,67,PLACE_AT_1,1,367,2.1967777777777773,1.8139305469725424,0.48333333333333334,0.44296993778778987,0.23333333333333334,0.1673295196919164,0.5166666666666667,0.5419247875595363,0.9666666666666667,0.9455727468381591
367,6,27,67,PLACE_AT_2,2,367,1.9443333333333328,1.6182674997637325,0.43333333333333335,0.46301025769334025,0.25833333333333336,0.21501917597509063,0.5333333333333333,0.5469018720275719,0.9666666666666667,0.9560143433131714
367,6,27,67,PLACE_AT_3,3,367,1.7783333333333329,1.3668570254751489,0.45,0.4718456375267472,0.24166666666666667,0.19973264396867133,0.5083333333333333,0.5519333969450253,0.9416666666666667,0.9365452727325537
367,6,27,67,PLACE_AT_5,5,367,1.4636666666666662,1.1908617502043457,0.35833333333333334,0.39832578777114874,0.25,0.15653307806044814,0.5583333333333333,0.5997670692252838,0.925,0.974105684823498
367,6,27,67,PLACE_AT_10,10,367,0.5104444444444443,0.34891065599185533,0.2833333333333333,0.36235880013537825,0.041666666666666664,0.05695732059315097,0.4583333333333333,0.531409743353657,0.425,0.48765581811263126
367,7,32,112,PLACE_AT_1,1,367,2.1967777777777773,1.7773307132073637,0.48333333333333334,0.4982431162233876,0.23333333333333334,0.21044496672210872,0.5166666666666667,0.5725198607457339,0.9666666666666667,0.9666017613062747
367,7,32,112,PLACE_AT_2,2,367,1.9443333333333328,1.6594068920560607,0.43333333333333335,0.5145596513515851,0.25833333333333336,0.23562269028524516,0.5333333333333333,0.6058332303441623,0.9666666666666667,0.9854733665555949
367,7,32,112,PLACE_AT_3,3,367,1.7783333333333329,1.6583250820813573,0.45,0.5390017922759522,0.24166666666666667,0.20903294592641367,0.5083333333333333,0.5717823671836003,0.9416666666666667,0.9316596862125092
367,7,32,112,PLACE_AT_5,5,367,1.4636666666666662,1.4173469254304074,0.35833333333333334,0.4945028385730555,0.25,0.19182642298726488,0.5583333333333333,0.5355632793963118,0.925,0.9451045651686458
367,7,32,112,PLACE_AT_10,10,367,0.5104444444444443,0.5367435514770857,0.2833333333333333,0.42003986591821124,0.041666666666666664,0.09227566498913362,0.4583333333333333,0.5430568191239206,0.425,0.4376642314650202
367,8,33,97,PLACE_AT_1,1,367,2.1967777777777773,2.5072153735155136,0.48333333333333334,0.41817627987149164,0.23333333333333334,0.27841640297052417,0.5166666666666667,0.5082492572840018,0.9666666666666667,0.9603565472242394
367,8,33,97,PLACE_AT_2,2,367,1.9443333333333328,2.2389563915183905,0.43333333333333335,0.4166494614132816,0.25833333333333336,0.29461593961707844,0.5333333333333333,0.5395160363005664,0.9666666666666667,0.9869853055468821
367,8,33,97,PLACE_AT_3,3,367,1.7783333333333329,2.283801687030091,0.45,0.4335779833165373,0.24166666666666667,0.27572660687433204,0.5083333333333333,0.48536358646052113,0.9416666666666667,0.9489470848236201
367,8,33,97,PLACE_AT_5,5,367,1.4636666666666662,1.7924958850178885,0.35833333333333334,0.403495003333407,0.25,0.3511293141209136,0.5583333333333333,0.4608700235368697,0.925,0.8450275210569902
367,8,33,97,PLACE_AT_10,10,367,0.5104444444444443,0.717941056401243,0.2833333333333333,0.3464390080184978,0.041666666666666664,0.14095102527291017,0.4583333333333333,0.4479133849444814,0.425,0.39452382232769656
